3
4
7
10
12
14
15
16
17
21
22
25
26
28
29
30
35
36
39
40
42
44
46
47
48
51
55
58
61
62
63
66
67
68
70
71
73
75
78
79
80
81
83
85
90
91
95
96
100
107
108
109
112
113
114
116
117
120
121
126
127
130
133
134
140
142
147
149
150
151
154
156
157
172
173
174
176
177
180
184
186
187
188
189
191
192
195
201
203
204
206
218
220
223
225
232
236
237
238
239
243
244
248
249
251
253
254
255
256
259
260
263
264
267
269
271
272
278
280
281
283
284
285
288
290
291
292
293
294
298
301
303
306
307
308
311
312
313
314
316
317
320
323
324
325
329
330
333
334
335
338
339
340
342
345
348
349
350
351
352
353
354
355
360
362
363
365
366
367
368
371
373
375
378
379
380
381
384
385
386
390
392
393
397
398
399
402
407
408
412
414
416
417
420
421
422
428
429
430
431
432
433
435
437
438
439
440
441
442
443
445
449
452
453
454
456
457
458
460
462
463
465
468
471
472
474
475
476
479
480
484
486
487
489
490
492
496
499
500
501
502
504
507
509
510
511
512
513
516
517
518
520
523
524
526
530
532
533
535
538
542
544
545
546
548
550
551
552
554
556
560
562
566
568
569
570
573
574
575
576
577
578
581
582
587
590
591
592
595
599
601
602
603
604
605
607
608
610
611
612
614
617
618
621
622
623
627
629
631
632
633
635
639
640
642
643
645
646
647
649
650
652
654
656
661
662
663
666
667
670
673
675
677
679
680
681
682
684
688
689
690
691
692
695
696
697
698
699
701
702
704
705
706
710
712
717
718
719
720
721
724
726
729
730
731
732
733
735
736
739
740
742
743
745
747
753
754
756
757
759
760
762
763
764
765
767
769
770
771
772
773
774
778
779
781
784
786
788
789
790
793
795
799
804
806
809
810
814
815
818
819
822
823
826
830
831
832
833
836
838
843
844
845
846
848
856
857
860
863
864
865
866
869
870
871
872
873
875
877
880
881
883
885
886
887
888
890
891
892
893
894
895
896
897
898
899
901
904
905
907
911
912
913
916
918
919
920
921
922
923
926
929
931
932
933
935
943
946
947
948
952
956
957
959
963
965
967
974
975
976
982
986
987
989
990
992
993
994
996
997
998
999
1001
1004
1005
1006
1007
1009
1010
1012
1014
1015
1016
1017
1019
1021
1022
1023
1026
1028
1030
1031
1034
1035
1037
1038
1041
1042
1043
1045
1048
1049
1051
1052
1055
1056
1057
1058
1061
1066
1067
1071
1074
1075
1077
1078
1079
1081
1082
1084
1087
1088
1090
1091
1092
1096
1097
1104
1107
1108
1111
1112
1113
1116
1117
1118
1119
1120
1123
1126
1127
1130
1131
1132
1133
1137
1138
1139
1144
1145
1150
1151
1152
1153
1154
1158
1159
1160
1162
1163
1168
1169
1173
1174
1176
1177
1178
1181
1186
1188
1190
1191
1192
1195
1196
1198
1199
1200
1202
1203
1204
1207
1209
1211
1212
1213
1216
1217
1218
1219
1223
1225
1226
1228
1230
1233
1234
1235
1243
1244
1246
1248
1249
1252
1253
1254
1256
1259
1260
1261
1262
1269
1271
1272
1274
1276
1278
1280
1281
1282
1283
1284
1285
1288
1291
1292
1293
1294
1295
1296
1297
1298
1301
1302
1303
1304
1309
1311
1312
1313
1314
1316
1319
1320
1321
1324
1325
1326
1328
1329
1330
1333
1334
1336
1337
1339
1340
1341
1342
1345
1347
1349
1351
1352
1355
1358
1360
1364
1368
1370
1373
1375
1380
1382
1383
1385
1386
1388
1389
1390
1392
1393
1394
1396
1397
1398
1399
1401
1402
1404
1405
1408
1409
1413
1415
1416
1417
1420
1422
1428
1429
1430
1431
1433
1434
1436
1440
1441
1443
1446
1448
1451
1452
1453
1455
1458
1459
1465
1466
1467
1470
1472
1473
1474
1478
1479
1481
1483
1485
1488
1491
1494
1499
1501
1502
1503
1504
1505
1506
1507
1508
1510
1511
1513
1514
1515
1517
1519
1520
1521
1522
1526
1528
1529
1530
1535
1538
1541
1544
1545
1547
1549
1550
1551
1552
1556
1557
1560
1562
1563
1567
1569
1571
1577
1579
1580
1582
1586
1588
1589
1595
1597
1598
1599
1600
1601
1603
1605
1607
1609
1614
1615
1617
1619
1620
1621
1622
1625
1626
1628
1631
1633
1635
1636
1638
1640
1643
1645
1647
1651
1653
1656
1657
1659
1662
1663
1664
1666
1667
1668
1671
1675
1676
1677
1679
1681
1682
1683
1687
1688
1689
1693
1694
1696
1698
1699
1700
1704
1708
1709
1710
1711
1712
1713
1714
1716
1717
1721
1722
1723
1726
1728
1731
1733
1734
1737
1738
1740
1743
1746
1748
1749
1750
1752
1753
1755
1756
1757
1758
1761
1762
1766
1767
1769
1770
1771
1773
1780
1781
1782
1783
1786
1787
1791
1793
1796
1797
1802
1807
1808
1810
1811
1812
1815
1816
1817
1818
1820
1823
1825
1828
1832
1834
1835
1846
1847
1848
1849
1850
1852
1855
1856
1857
1858
1860
1861
1862
1863
1864
1865
1866
1867
1868
1870
1871
1872
1873
1876
1877
1881
1882
1883
1886
1889
1891
1894
1897
1898
1899
1902
1903
1904
1908
1909
1911
1913
1915
1918
1920
1923
1924
1926
1927
1929
1931
1932
1933
1934
1935
1937
1938
1939
1940
1941
1942
1944
1945
1947
1948
1949
1950
1954
1955
1958
1961
1962
1963
1965
1966
1968
1970
1973
1979
1980
1982
1987
1989
1992
1993
2001
2002
2003
2004
2005
2007
2012
2013
2015
2016
2018
2020
2021
2022
2028
2029
2030
2035
2036
2038
2040
2041
2047
2049
2051
2052
2054
2055
2057
2060
2062
2066
2070
2073
2076
2077
2078
2081
2083
2084
2085
2086
2089
2091
2093
2094
2098
2099
2102
2109
2112
2113
2120
2122
2123
2124
2127
2128
2129
2134
2135
2138
2140
2141
2145
2149
2152
2153
2156
2157
2159
2160
2161
2163
2169
2170
2175
2178
2179
2180
2184
2185
2189
2191
2195
2196
2198
2199
2202
2204
2208
2209
2211
2212
2213
2214
2215
2218
2219
2220
2221
2223
2226
2229
2230
2231
2232
2233
2235
2237
2238
2242
2243
2244
2246
2248
2249
2250
2254
2255
2257
2258
2261
2262
2263
2266
2271
2272
2273
2274
2275
2277
2279
2281
2283
2285
2286
2288
2289
2292
2293
2296
2298
2302
2303
2304
2305
2308
2310
2311
2316
2317
2320
2322
2324
2326
2327
2329
2330
2331
2333
2340
2342
2343
2347
2348
2349
2351
2352
2353
2358
2359
2361
2362
2365
2367
2368
2370
2373
2375
2376
2377
2378
2379
2380
2382
2383
2385
2390
2392
2393
2396
2397
2398
2401
2404
2408
2409
2411
2413
2415
2417
2419
2423
2427
2431
2433
2437
2438
2440
2445
2446
2448
2449
2450
2455
2458
2459
2461
2463
2464
2466
2467
2470
2473
2474
2475
2476
2477
2480
2482
2484
2485
2487
2488
2490
2491
2493
2494
2495
2496
2497
2498
2499
2500
2502
2504
2505
2506
2507
2510
2511
2512
2513
2516
2517
2518
2521
2522
2525
2526
2528
2530
2532
2535
2536
2537
2539
2540
2542
2544
2546
2547
2548
2549
2557
2558
2560
2564
2566
2567
2574
2575
2576
2581
2582
2583
2584
2586
2590
2591
2592
2593
2595
2596
2598
2599
2601
2603
2605
2608
2609
2610
2611
2613
2616
2618
2621
2623
2624
2626
2628
2629
2630
2632
2634
2636
2641
2642
2644
2645
2646
2647
2650
2651
2654
2659
2660
2661
2663
2665
2667
2668
2669
2671
2672
2673
2675
2676
2677
2682
2683
2685
2689
2691
2692
2693
2694
2696
2697
2698
2702
2703
2707
2708
2709
2710
2712
2713
2714
2715
2718
2719
2721
2722
2723
2727
2728
2729
2730
2733
2734
2735
2739
2741
2742
2743
2744
2745
2748
2749
2751
2753
2754
2755
2759
2760
2763
2764
2765
2767
2768
2771
2772
2773
2775
2776
2780
2781
2782
2784
2785
2787
2788
2789
2790
2791
2797
2798
2799
2800
2804
2807
2810
2812
2815
2816
2817
2818
2819
2827
2828
2829
2831
2832
2834
2835
2836
2837
2840
2841
2843
2846
2848
2850
2851
2852
2855
2856
2859
2861
2862
2863
2866
2868
2871
2874
2875
2876
2878
2879
2881
2886
2887
2889
2890
2896
2898
2899
2901
2906
2909
2913
2914
2916
2917
2920
2924
2925
2926
2932
2934
2935
2937
2938
2939
2940
2942
2951
2953
2958
2959
2962
2963
2967
2970
2971
2976
2980
2983
2985
2986
2990
2993
2994
2995
2996
2997
2998
2999
3000
3001
3002
3007
3008
3010
3011
3013
3016
3018
3021
3024
3026
3028
3030
3033
3036
3039
3045
3050
3051
3056
3058
3060
3061
3063
3064
3066
3067
3068
3069
3071
3072
3078
3079
3081
3082
3083
3085
3086
3087
3091
3092
3096
3100
3104
3105
3107
3110
3112
3116
3117
3119
3120
3122
3123
3124
3127
3128
3129
3130
3132
3134
3135
3136
3138
3140
3142
3143
3144
3146
3152
3153
3154
3156
3158
3160
3164
3165
3168
3170
3171
3172
3173
3175
3176
3177
3178
3181
3182
3184
3187
3188
3190
3197
3200
3201
3205
3207
3208
3209
3214
3215
3216
3217
3218
3219
3221
3222
3224
3225
3227
3228
3232
3233
3234
3237
3238
3240
3243
3246
3247
3249
3252
3255
3256
3258
3259
3262
3264
3265
3269
3270
3271
3273
3274
3275
3276
3277
3278
3279
3280
3286
3294
3295
3297
3298
3299
3302
3303
3304
3306
3307
3310
3312
3315
3321
3322
3323
3324
3326
3329
3331
3337
3339
3342
3345
3346
3352
3360
3368
3369
3371
3372
3377
3379
3380
3382
3383
3385
3387
3390
3391
3395
3396
3400
3401
3403
3404
3405
3407
3410
3411
3413
3417
3418
3419
3421
3422
3423
3425
3426
3429
3431
3432
3436
3437
3440
3441
3443
3445
3446
3447
3448
3451
3455
3456
3457
3458
3459
3460
3462
3465
3467
3468
3471
3473
3475
3480
3482
3483
3484
3485
3486
3487
3489
3490
3491
3492
3497
3498
3499
3501
3504
3508
3512
3513
3514
3515
3517
3520
3521
3522
3526
3527
3529
3530
3531
3532
3533
3534
3537
3538
3546
3552
3554
3555
3556
3559
3560
3562
3563
3564
3566
3567
3569
3571
3572
3573
3574
3576
3577
3578
3579
3581
3582
3589
3590
3591
3596
3598
3602
3603
3607
3610
3611
3612
3613
3614
3616
3617
3618
3619
3620
3621
3623
3626
3627
3628
3630
3631
3636
3640
3641
3643
3645
3650
3651
3652
3653
3654
3655
3656
3659
3660
3661
3664
3668
3670
3671
3673
3674
3675
3676
3679
3680
3681
3684
3685
3686
3687
3688
3689
3691
3692
3699
3700
3705
3707
3708
3709
3711
3712
3714
3715
3717
3719
3721
3722
3724
3726
3727
3728
3729
3730
3731
3732
3735
3736
3741
3745
3748
3749
3750
3751
3752
3753
3754
3757
3759
3760
3761
3765
3767
3768
3769
3775
3778
3780
3783
3788
3792
3794
3797
3800
3801
3802
3803
3805
3806
3807
3808
3812
3813
3814
3817
3820
3821
3822
3826
3827
3828
3829
3832
3833
3838
3841
3842
3847
3853
3854
3856
3857
3859
3860
3861
3862
3863
3864
3867
3868
3870
3876
3877
3878
3882
3883
3887
3888
3892
3893
3894
3895
3896
3898
3899
3901
3902
3904
3910
3913
3914
3917
3918
3921
3923
3924
3925
3926
3927
3929
3930
3932
3935
3937
3938
3940
3941
3942
3943
3944
3945
3946
3949
3950
3954
3956
3958
3959
3963
3964
3965
3966
3967
3974
3977
3978
3981
3983
3984
3985
3987
3988
3989
3991
3994
3997
4000
4001
4002
4003
4004
4009
4011
4015
4017
4018
4021
4023
4024
4025
4026
4027
4031
4032
4035
4037
4039
4040
4042
4043
4044
4045
4048
4050
4051
4052
4055
4061
4063
4065
4070
4072
4073
4076
4077
4078
4080
4082
4085
4089
4092
4098
4103
4104
4106
4109
4110
4111
4114
4115
4116
4118
4119
4121
4122
4124
4125
4126
4129
4130
4132
4139
4140
4143
4144
4146
4151
4155
4157
4158
4159
4160
4161
4163
4164
4165
4169
4171
4172
4173
4175
4176
4177
4181
4182
4184
4185
4186
4189
4191
4192
4196
4197
4198
4199
4202
4203
4205
4206
4207
4210
4211
4217
4218
4221
4222
4223
4224
4227
4228
4231
4232
4233
4235
4236
4237
4239
4240
4241
4242
4250
4252
4258
4259
4260
4262
4263
4264
4266
4267
4270
4272
4273
4274
4279
4281
4287
4288
4289
4297
4298
4299
4300
4304
4306
4307
4309
4313
4314
4315
4320
4321
4322
4325
4327
4328
4329
4332
4334
4335
4337
4338
4339
4341
4344
4346
4347
4348
4350
4353
4355
4356
4357
4358
4359
4362
4364
4372
4374
4375
4376
4379
4383
4384
4385
4391
4395
4400
4403
4404
4405
4410
4415
4416
4418
4421
4423
4424
4428
4429
4430
4431
4438
4441
4442
4445
4446
4448
4449
4451
4452
4453
4456
4462
4463
4464
4465
4466
4468
4470
4474
4475
4476
4477
4484
4485
4486
4487
4488
4491
4492
4494
4495
4502
4510
4511
4513
4514
4515
4516
4517
4520
4521
4525
4526
4528
4529
4530
4537
4540
4542
4544
4547
4548
4549
4550
4552
4554
4556
4558
4559
4560
4561
4565
4566
4567
4568
4570
4572
4577
4579
4580
4584
4587
4588
4593
4594
4595
4597
4600
4602
4603
4604
4607
4609
4610
4612
4613
4614
4616
4617
4619
4621
4622
4631
4633
4634
4638
4640
4642
4643
4644
4650
4653
4654
4655
4658
4661
4662
4664
4666
4667
4668
4671
4673
4674
4675
4676
4677
4678
4679
4683
4686
4687
4688
4689
4694
4697
4698
4699
4700
4701
4702
4703
4707
4709
4710
4711
4712
4714
4718
4719
4720
4724
4725
4728
4730
4732
4734
4736
4738
4739
4742
4743
4746
4747
4748
4750
4752
4754
4757
4758
4760
4763
4767
4768
4769
4770
4771
4773
4776
4779
4784
4792
4793
4796
4797
4800
4801
4802
4805
4807
4811
4813
4814
4815
4816
4818
4821
4822
4824
4826
4827
4832
4833
4836
4841
4842
4845
4847
4849
4850
4855
4857
4858
4859
4862
4863
4865
4867
4869
4871
4872
4874
4875
4877
4878
4879
4881
4883
4884
4885
4886
4888
4890
4893
4894
4897
4901
4902
4903
4906
4907
4909
4910
4911
4912
4914
4916
4918
4925
4926
4927
4930
4933
4935
4937
4938
4939
4940
4942
4945
4946
4947
4948
4949
4950
4958
4961
4966
4967
4968
4975
4977
4978
4979
4981
4982
4988
4990
4991
4993
4996
4998
5001
5002
5003
5006
5008
5010
5011
5013
5014
5015
5021
5022
5024
5026
5027
5031
5033
5036
5037
5039
5040
5041
5042
5043
5045
5047
5048
5049
5050
5053
5054
5055
5056
5057
5063
5064
5066
5073
5075
5077
5078
5079
5081
5083
5084
5087
5090
5094
5095
5103
5116
5121
5126
5127
5128
5129
5130
5131
5132
5135
5139
5140
5142
5144
5145
5146
5149
5150
5153
5156
5157
5158
5163
5166
5167
5168
5169
5171
5176
5177
5178
5179
5181
5183
5185
5186
5189
5191
5192
5193
5194
5197
5198
5199
5200
5201
5202
5203
5206
5207
5211
5213
5214
5216
5221
5222
5226
5227
5228
5229
5231
5233
5234
5236
5237
5239
5240
5243
5244
5245
5246
5247
5249
5251
5252
5253
5254
5264
5266
5267
5269
5270
5271
5272
5275
5277
5279
5280
5285
5286
5288
5291
5298
5299
5300
5306
5307
5309
5311
5312
5315
5316
5319
5321
5324
5325
5326
5328
5329
5330
5331
5334
5335
5340
5341
5343
5345
5346
5348
5351
5352
5353
5354
5356
5357
5358
5359
5361
5362
5363
5366
5369
5370
5372
5374
5375
5379
5381
5382
5383
5385
5387
5389
5390
5391
5393
5396
5397
5398
5400
5405
5406
5407
5409
5411
5412
5414
5415
5419
5420
5422
5424
5427
5428
5432
5433
5436
5438
5441
5442
5444
5446
5450
5451
5452
5454
5455
5457
5459
5460
5461
5466
5468
5470
5471
5472
5473
5475
5477
5478
5481
5483
5485
5488
5495
5496
5497
5498
5499
5503
5504
5506
5507
5510
5511
5512
5513
5515
5519
5520
5522
5525
5526
5527
5528
5531
5534
5535
5538
5539
5540
5542
5543
5544
5546
5549
5550
5552
5554
5558
5559
5561
5562
5564
5566
5567
5568
5571
5572
5574
5575
5577
5579
5580
5582
5583
5584
5586
5587
5589
5591
5594
5597
5598
5599
5601
5602
5605
5606
5607
5608
5609
5611
5612
5614
5615
5618
5619
5623
5627
5630
5631
5634
5636
5637
5638
5639
5640
5643
5648
5654
5659
5661
5662
5664
5665
5668
5669
5672
5674
5675
5676
5679
5680
5683
5684
5685
5686
5688
5689
5691
5692
5693
5697
5702
5706
5709
5710
5713
5718
5720
5721
5724
5725
5730
5732
5733
5736
5737
5738
5739
5740
5742
5745
5746
5752
5756
5758
5759
5760
5761
5762
5767
5768
5769
5774
5776
5782
5784
5786
5789
5790
5795
5796
5798
5799
5800
5802
5804
5806
5807
5808
5809
5810
5811
5814
5815
5817
5818
5820
5821
5823
5824
5830
5831
5832
5833
5843
5844
5846
5848
5849
5851
5852
5855
5856
5859
5861
5862
5863
5864
5867
5868
5869
5871
5874
5875
5877
5879
5880
5881
5882
5886
5887
5888
5889
5892
5893
5897
5898
5899
5900
5901
5903
5907
5909
5910
5912
5914
5916
5917
5918
5919
5920
5921
5922
5923
5925
5926
5928
5931
5932
5933
5934
5935
5937
5939
5944
5947
5948
5950
5952
5954
5955
5957
5959
5962
5963
5964
5965
5967
5970
5971
5974
5977
5978
5979
5980
5981
5982
5984
5985
5986
5988
5990
5993
5995
5996
5998
6002
6004
6007
6011
6012
6019
6020
6021
6023
6024
6025
6030
6031
6032
6033
6035
6039
6040
6043
6044
6045
6047
6050
6051
6052
6053
6054
6055
6059
6061
6062
6064
6068
6070
6071
6075
6080
6081
6084
6085
6087
6088
6093
6098
6099
6101
6105
6111
6113
6114
6115
6119
6121
6122
6123
6124
6125
6127
6129
6137
6139
6141
6144
6145
6147
6148
6149
6155
6156
6157
6159
6160
6162
6163
6169
6172
6173
6177
6178
6179
6180
6183
6184
6187
6191
6197
6202
6203
6205
6208
6209
6212
6214
6217
6219
6221
6222
6223
6226
6227
6230
6231
6232
6233
6238
6240
6241
6244
6247
6249
6250
6251
6252
6254
6255
6257
6258
6259
6260
6261
6262
6263
6264
6268
6269
6273
6274
6277
6278
6281
6286
6288
6289
6290
6291
6295
6297
6298
6299
6301
6302
6304
6307
6309
6311
6314
6317
6318
6319
6323
6327
6331
6335
6336
6337
6340
6343
6344
6345
6346
6347
6348
6349
6355
6363
6364
6366
6368
6371
6373
6379
6384
6390
6393
6394
6397
6399
6400
6402
6403
6404
6406
6408
6409
6411
6412
6413
6414
6415
6416
6418
6421
6425
6426
6427
6428
6430
6431
6432
6433
6435
6436
6437
6438
6439
6442
6444
6445
6446
6450
6453
6459
6460
6461
6463
6466
6467
6468
6469
6471
6473
6477
6479
6481
6486
6491
6494
6496
6498
6499
6501
6502
6503
6505
6507
6508
6511
6512
6513
6514
6516
6517
6519
6522
6523
6528
6529
6532
6533
6535
6538
6539
6540
6543
6546
6547
6548
6550
6551
6552
6556
6558
6563
6566
6567
6569
6570
6571
6575
6576
6578
6579
6580
6581
6585
6588
6589
6590
6594
6595
6597
6599
6602
6605
6606
6611
6612
6614
6616
6617
6618
6624
6625
6628
6633
6635
6636
6638
6641
6642
6645
6647
6649
6651
6652
6656
6660
6662
6663
6664
6665
6666
6667
6668
6669
6670
6672
6673
6676
6680
6684
6685
6689
6691
6692
6694
6701
6702
6703
6704
6705
6711
6712
6713
6714
6716
6718
6719
6722
6725
6728
6729
6730
6739
6741
6742
6743
6744
6745
6746
6747
6748
6750
6751
6753
6757
6758
6759
6760
6764
6772
6775
6776
6777
6780
6782
6783
6784
6788
6790
6792
6794
6795
6796
6797
6798
6801
6803
6805
6806
6807
6810
6811
6812
6813
6816
6818
6828
6829
6830
6831
6833
6835
6838
6839
6841
6842
6843
6847
6849
6850
6851
6852
6857
6859
6860
6862
6864
6865
6866
6869
6870
6871
6875
6876
6877
6879
6880
6882
6883
6887
6889
6890
6891
6892
6893
6894
6895
6897
6898
6899
6900
6902
6903
6905
6908
6910
6911
6912
6914
6916
6917
6920
6921
6922
6923
6924
6926
6927
6929
6931
6932
6933
6934
6935
6938
6941
6943
6945
6948
6952
6953
6957
6958
6961
6962
6963
6964
6965
6967
6969
6970
6971
6974
6975
6976
6977
6978
6983
6984
6987
6990
6993
6994
6995
6997
6998
7002
7008
7014
7017
7018
7019
7023
7024
7025
7027
7032
7036
7037
7038
7042
7044
7045
7046
7047
7048
7050
7053
7054
7055
7056
7057
7058
7059
7062
7068
7071
7072
7075
7077
7079
7080
7081
7082
7084
7085
7090
7092
7094
7096
7099
7102
7104
7105
7106
7109
7111
7112
7113
7117
7118
7120
7122
7125
7128
7130
7131
7134
7135
7137
7140
7142
7143
7144
7150
7152
7154
7155
7156
7157
7158
7159
7161
7165
7167
7173
7178
7179
7181
7182
7184
7185
7187
7188
7190
7191
7192
7193
7195
7196
7197
7198
7202
7204
7205
7207
7209
7215
7218
7226
7229
7231
7232
7234
7238
7240
7244
7245
7251
7253
7254
7255
7256
7257
7258
7259
7260
7268
7270
7272
7273
7274
7277
7280
7283
7284
7286
7287
7288
7293
7294
7296
7297
7303
7305
7306
7310
7311
7315
7316
7317
7318
7321
7323
7328
7329
7330
7331
7336
7338
7339
7340
7341
7344
7347
7350
7352
7354
7355
7358
7359
7361
7362
7366
7368
7369
7370
7371
7372
7373
7374
7375
7377
7378
7381
7382
7383
7384
7385
7386
7387
7389
7390
7392
7395
7396
7397
7398
7400
7403
7407
7410
7411
7412
7413
7416
7418
7419
7421
7425
7426
7427
7429
7430
7431
7434
7439
7440
7441
7442
7443
7444
7445
7446
7447
7449
7450
7453
7456
7458
7459
7461
7462
7463
7464
7466
7467
7471
7472
7473
7475
7476
7477
7480
7483
7484
7487
7491
7492
7493
7496
7497
7501
7505
7506
7507
7508
7510
7512
7513
7515
7518
7519
7522
7523
7524
7525
7526
7527
7529
7530
7532
7533
7534
7536
7537
7538
7541
7542
7546
7547
7550
7552
7553
7555
7556
7557
7558
7561
7563
7565
7566
7567
7571
7572
7574
7575
7577
7578
7581
7587
7588
7589
7591
7592
7593
7594
7595
7596
7599
7600
7601
7602
7607
7609
7610
7611
7614
7615
7616
7619
7620
7623
7624
7627
7628
7630
7631
7632
7633
7634
7638
7639
7640
7641
7642
7645
7647
7649
7650
7651
7654
7658
7661
7663
7664
7666
7673
7674
7675
7676
7678
7679
7680
7682
7687
7692
7693
7695
7697
7698
7699
7700
7701
7705
7706
7707
7708
7709
7711
7713
7714
7715
7716
7719
7722
7723
7724
7725
7727
7729
7732
7735
7736
7737
7738
7739
7741
7742
7744
7747
7748
7751
7752
7753
7755
7756
7757
7758
7759
7762
7763
7769
7770
7771
7773
7774
7775
7776
7778
7780
7781
7782
7783
7785
7787
7791
7792
7793
7794
7796
7797
7798
7801
7803
7805
7807
7812
7813
7814
7815
7826
7829
7830
7837
7838
7839
7840
7842
7843
7844
7845
7846
7847
7848
7849
7853
7854
7855
7856
7862
7865
7868
7871
7873
7874
7875
7876
7878
7879
7880
7881
7882
7884
7885
7888
7890
7892
7895
7896
7899
7900
7901
7902
7903
7904
7907
7909
7910
7911
7913
7917
7918
7920
7921
7922
7930
7931
7933
7935
7936
7937
7938
7939
7943
7947
7949
7950
7951
7956
7957
7959
7960
7961
7963
7966
7968
7969
7970
7974
7975
7978
7979
7983
7984
7985
7986
7987
7990
7991
7992
7995
7996
7997
7999
8002
8003
8005
8007
8011
8015
8019
8020
8024
8025
8026
8029
8032
8034
8035
8036
8037
8040
8042
8046
8048
8049
8050
8051
8052
8053
8055
8056
8058
8059
8060
8063
8068
8069
8073
8074
8078
8080
8081
8082
8084
8085
8088
8089
8093
8100
8104
8105
8106
8107
8109
8113
8114
8115
8116
8117
8122
8125
8126
8129
8130
8139
8140
8142
8143
8144
8149
8150
8151
8156
8157
8158
8159
8164
8166
8167
8168
8169
8172
8175
8176
8177
8178
8180
8183
8188
8190
8192
8200
8202
8203
8207
8209
8211
8212
8213
8215
8216
8218
8222
8223
8227
8229
8232
8236
8237
8238
8243
8250
8251
8252
8253
8254
8256
8258
8259
8261
8267
8268
8269
8271
8277
8278
8279
8280
8281
8283
8288
8289
8290
8291
8293
8295
8298
8300
8303
8305
8306
8311
8312
8314
8315
8317
8318
8323
8324
8327
8328
8329
8330
8334
8336
8337
8338
8342
8347
8348
8352
8355
8356
8358
8362
8363
8365
8367
8368
8369
8370
8372
8375
8378
8379
8381
8382
8384
8385
8388
8389
8392
8393
8400
8402
8404
8406
8408
8409
8411
8412
8414
8416
8417
8418
8419
8424
8425
8426
8427
8429
8430
8432
8433
8434
8442
8443
8444
8446
8449
8450
8453
8455
8456
8457
8459
8462
8464
8466
8468
8469
8470
8471
8473
8474
8476
8477
8481
8482
8485
8486
8487
8488
8489
8490
8491
8492
8494
8495
8497
8499
8502
8503
8505
8506
8509
8510
8514
8517
8518
8519
8521
8525
8527
8528
8529
8531
8532
8536
8537
8538
8540
8541
8542
8545
8546
8548
8550
8551
8552
8555
8556
8563
8567
8568
8571
8573
8574
8575
8576
8578
8579
8580
8581
8583
8587
8589
8591
8593
8594
8595
8596
8599
8602
8603
8604
8607
8608
8609
8611
8612
8615
8617
8622
8624
8625
8626
8627
8628
8630
8631
8632
8633
8635
8636
8637
8638
8640
8641
8642
8643
8644
8646
8653
8654
8659
8661
8663
8665
8670
8671
8675
8676
8677
8679
8681
8682
8687
8689
8691
8692
8693
8694
8696
8697
8700
8701
8702
8703
8707
8708
8709
8712
8714
8715
8717
8718
8719
8721
8722
8724
8725
8730
8732
8733
8735
8738
8740
8741
8743
8745
8746
8750
8754
8756
8757
8758
8759
8762
8765
8766
8769
8771
8772
8773
8774
8776
8777
8778
8780
8781
8783
8789
8790
8793
8798
8799
8802
8803
8804
8805
8806
8807
8813
8815
8817
8819
8820
8821
8822
8824
8827
8828
8829
8830
8832
8836
8837
8838
8839
8841
8842
8843
8848
8849
8850
8852
8854
8855
8858
8859
8860
8863
8864
8865
8866
8869
8871
8873
8875
8877
8881
8882
8884
8888
8889
8890
8893
8894
8896
8897
8900
8901
8902
8903
8905
8906
8907
8908
8909
8912
8913
8915
8916
8917
8920
8921
8922
8924
8926
8929
8931
8932
8933
8934
8937
8939
8941
8943
8945
8947
8949
8954
8955
8956
8962
8964
8965
8967
8971
8974
8975
8981
8982
8985
8986
8987
8991
8992
8998
8999
9002
9003
9007
9008
9009
9010
9011
9016
9017
9022
9024
9031
9032
9033
9036
9042
9043
9044
9045
9046
9049
9050
9051
9055
9056
9059
9060
9061
9064
9065
9066
9069
9071
9075
9077
9078
9081
9082
9088
9092
9096
9098
9102
9103
9105
9106
9108
9109
9110
9111
9113
9115
9116
9119
9121
9124
9125
9128
9129
9131
9132
9133
9138
9139
9142
9146
9149
9150
9152
9154
9156
9157
9161
9163
9169
9170
9172
9174
9177
9178
9180
9181
9186
9187
9189
9190
9191
9194
9195
9196
9199
9200
9201
9203
9204
9207
9209
9215
9216
9217
9219
9221
9224
9229
9233
9234
9237
9240
9241
9242
9243
9247
9248
9249
9250
9251
9252
9255
9256
9257
9258
9260
9261
9264
9269
9275
9277
9278
9281
9283
9284
9285
9287
9288
9289
9293
9295
9296
9298
9302
9305
9308
9310
9311
9312
9313
9315
9321
9322
9325
9328
9330
9332
9333
9334
9335
9336
9338
9342
9343
9344
9348
9349
9350
9352
9354
9355
9357
9358
9359
9360
9361
9362
9363
9365
9366
9367
9370
9372
9375
9376
9380
9381
9382
9383
9385
9386
9387
9389
9393
9396
9399
9401
9402
9404
9406
9410
9413
9414
9417
9418
9420
9422
9424
9425
9426
9431
9432
9434
9438
9440
9441
9445
9447
9450
9451
9455
9459
9462
9465
9467
9468
9472
9475
9476
9479
9485
9486
9487
9493
9494
9495
9497
9499
9500
9501
9503
9504
9506
9507
9509
9510
9511
9514
9517
9522
9526
9527
9530
9531
9532
9535
9537
9540
9544
9551
9555
9556
9557
9559
9560
9561
9562
9564
9566
9568
9569
9573
9574
9575
9579
9580
9581
9582
9583
9585
9588
9590
9592
9593
9597
9598
9599
9600
9601
9602
9603
9609
9610
9611
9612
9615
9616
9617
9618
9620
9621
9623
9624
9625
9626
9627
9628
9629
9631
9633
9635
9637
9638
9641
9642
9644
9646
9648
9649
9650
9652
9653
9654
9657
9658
9659
9660
9661
9662
9664
9665
9666
9667
9668
9669
9670
9671
9674
9678
9680
9684
9686
9687
9690
9692
9693
9694
9698
9702
9706
9707
9713
9715
9716
9717
9720
9721
9723
9724
9727
9728
9729
9730
9732
9734
9735
9738
9739
9740
9741
9742
9744
9745
9747
9749
9750
9752
9754
9760
9762
9764
9767
9768
9769
9771
9774
9775
9776
9778
9779
9780
9781
9782
9784
9787
9790
9791
9794
9798
9800
9801
9806
9807
9808
9809
9814
9818
9819
9820
9822
9823
9824
9825
9826
9828
9830
9832
9833
9835
9838
9841
9844
9846
9849
9855
9856
9857
9858
9859
9862
9863
9866
9867
9871
9873
9877
9880
9882
9883
9884
9887
9889
9893
9895
9896
9897
9898
9899
9901
9907
9909
9911
9913
9916
9919
9920
9923
9924
9927
9928
9929
9931
9932
9933
9934
9935
9936
9940
9943
9946
9950
9953
9955
9957
9959
9962
9963
9964
9966
9970
9973
9975
9976
9977
9979
9980
9981
9982
9983
9984
9987
9989
9996
9997
9998
9999
10000
2892
3350
4493
1642
5164
3394
3848
1829
7041
6767
175
5105
5521
3145
6401
9881
5044
1853
7988
6199
867
8997
8138
9875
3971
4782
5184
2589
2350
3682
3406
4213
5553
6462
2443
4238
1827
401
6287
2241
8415
7824
1646
5660
5701
3565
9677
2666
3151
700
6215
1033
2406
6158
3986
2395
1406
9636
9751
5238
5174
196
205
9148
7123
146
8031
5997
8825
5402
6360
5248
2952
8099
3195
5025
9519
2792
7406
4261
1099
4887
5569
1587
4804
2738
4100
4294
2824
9239
3009
2389
7929
3920
2571
8755
3398
2287
1468
842
2227
3725
3976
2534
7468
8619
2313
4060
84
8301
162
8387
2297
758
3229
2451
8810
8886
6305
7833
3203
8102
6015
5408
6220
4843
7551
4212
8179
8688
2543
6407
2341
3547
3798
5017
6489
3019
2309
4715
7266
8978
8098
2190
8023
9480
6591
5265
6506
5355
5560
4295
7040
103
6482
8033
3251
8553
9272
1632
9130
3879
8775
6985
5062
1604
6682
9546
8948
494
8705
8390
4706
275
5845
2014
8972
8668
5274
9206
4735
9290
7199
5687
8234
9087
5590
1701
1411
2363
153
1715
5490
5112
6333
9795
7073
549
7877
6690
3226
2245
1484
5332
2023
1534
8586
1691
3416
6353
3049
1844
5924
1523
1407
1524
7653
2805
2240
3242
45
3755
5913
3282
89
514
7606
3453
3796
3837
6018
7817
3336
4992
3180
1613
613
4432
6443
9606
529
9894
2766
8160
6455
3035
8398
8621
9411
939
4363
3210
7170
5812
309
616
7643
9151
2961
6825
9810
4084
5666
2132
9578
7004
7590
6913
9974
5101
276
6573
1432
3791
7346
5632
7015
1353
1967
861
2968
5360
6423
7241
9403
5089
8533
222
2197
6756
6804
5293
5125
1936
2674
4788
6707
1763
9300
8448
1611
9162
3586
1008
5098
4064
6553
5858
7503
358
6939
505
132
709
2720
3825
8265
9086
5989
6793
7220
1165
9812
7326
1438
5610
6194
1447
8666
5399
7465
5337
1231
8835
5514
164
966
8516
3524
3332
3644
8761
8478
5945
6827
241
262
7822
4669
8963
3340
4342
808
234
7684
9320
5151
9543
182
3357
5825
1114
1110
8585
50
1227
7275
9027
2118
858
178
2312
7841
1250
7832
6175
1792
2509
2147
1221
2501
7671
1076
6100
3777
5076
9368
5839
5465
1661
9797
5816
3998
811
198
3477
3166
777
5750
9865
9145
8493
6303
8316
5656
2779
4532
6915
2897
5778
5682
4755
9136
2387
2080
6246
2106
6693
6906
4225
3174
5170
9498
9164
750
1804
6188
7454
6014
683
3213
2483
4099
8170
4670
8923
995
3267
5940
9030
6405
4340
9020
4810
9182
2794
7864
4097
940
4255
8276
231
4194
7958
3743
4919
193
5012
6332
3254
2858
9167
2344
5835
2806
6518
7470
8173
9085
6601
9423
8077
2606
6840
3314
1875
9912
7115
9326
4803
289
914
8544
7264
4605
8205
436
2418
1201
515
630
6781
5338
8225
2369
8302
9280
2830
4941
7528
1310
3094
6306
2264
5209
7941
5716
5972
7236
8787
2270
8273
2032
555
2949
69
8522
6272
2087
5717
9986
4787
8737
7249
7000
2439
902
2079
7011
1464
3595
1147
2162
1365
1306
6823
6234
6037
4519
9435
9941
5772
7806
3348
7948
3012
2607
4969
2328
7147
5230
247
2335
5195
6761
8458
5620
6475
6901
7545
4957
1183
3029
6968
3046
4563
3544
7662
7290
1490
9052
2635
4680
9515
5061
8870
5161
400
2551
8124
102
4789
4652
3740
2114
9536
2679
1917
6440
5074
8012
1193
3912
6474
3818
6342
4637
5394
2082
1584
7746
4928
2731
7993
139
2478
6868
7539
5347
1618
1730
5556
4543
6042
6598
2803
2247
853
3625
6603
2725
1027
388
7230
5290
8210
3167
6161
5480
3223
5501
1454
553
8801
6492
7964
1054
752
751
8437
1576
3435
9155
824
8960
6630
4506
3804
5342
8322
9006
5842
8969
6896
8565
4247
4929
9961
9770
9070
1013
2580
7319
791
8664
9089
1175
8569
5278
4639
7721
4154
6726
8247
2664
7934
6086
1566
2972
1363
7750
5187
8523
3695
3022
3330
9737
7212
4113
4623
4473
5929
8511
9456
160
1384
1720
210
7428
6204
4290
2844
141
6365
7568
4393
4162
411
9874
106
1838
9708
13
2267
6285
7437
3272
1527
6681
5788
8995
125
9995
7160
4286
2425
7327
6483
4482
5905
4539
6142
143
8582
1751
9756
9481
8727
3161
4851
5794
3149
4285
9860
821
8193
9442
5765
4178
4995
7919
4546
4649
6717
2684
5218
8008
8764
7089
1359
3309
3293
9460
2300
181
2294
3698
9463
6010
1951
3855
1335
6610
7422
1789
3886
1583
6470
3580
341
3316
4219
748
5070
3889
8990
6596
5082
5263
1703
3647
7189
4503
2469
1275
2587
9276
4745
579
6320
1768
5255
6886
4417
302
6174
6248
7393
7777
4142
4134
7003
1279
9783
1214
6675
5256
5364
4067
928
2849
137
1086
5482
6988
4915
9210
3186
6773
2315
2865
6858
5448
8853
5728
5943
2638
33
9100
6986
6530
9292
5755
65
171
3353
4020
4367
6631
5114
3744
5117
4681
9496
1410
2895
3159
488
2259
4248
4721
5906
297
7211
2778
2922
6824
6582
8383
3672
9454
6275
816
4578
7898
7660
4904
7582
2111
1821
9534
915
8423
841
185
2364
3667
8313
2563
4183
4278
978
3257
6176
1025
7672
1403
2864
1122
2355
3799
3866
4989
1928
9477
4626
5072
737
9005
1841
9235
3592
2681
6872
5060
5107
6834
8857
8038
1764
2468
8847
2402
2515
2334
5224
9324
7067
4751
7712
5992
1424
3296
8066
9378
9222
5113
9900
4868
3585
8651
8784
9398
9758
7203
6907
1790
1344
2948
9263
787
8206
2000
3288
1040
9469
5707
4436
7129
9294
5695
1044
8669
624
2136
3109
7206
1826
8951
9466
868
6554
1125
6634
3239
8181
4852
1747
2386
6136
5585
6270
1400
4716
1859
4696
5215
2579
9700
2454
4443
9892
6095
7051
9377
6854
8224
6937
3737
6734
8441
2154
1094
4717
8891
2888
7894
563
3305
6544
6480
5541
5205
427
9696
7481
1822
2056
2774
9307
4932
1570
8062
9925
7423
5853
8683
3658
817
214
7219
4856
1798
7754
6521
3320
8572
3795
641
4951
364
537
4665
8845
1374
41
7007
1956
8017
8041
1800
470
3952
2394
2964
5652
7261
2422
6265
4959
1346
1469
4997
6292
3374
8645
9266
1240
2371
498
2833
1912
5573
3907
5570
8331
5792
1206
2572
7088
2732
4555
1568
1290
7667
583
3202
6201
9947
1255
6989
6925
6
8935
6820
9192
6312
6072
9663
3185
4204
8713
2944
2520
3373
9117
4589
5518
3629
6808
7049
5173
8021
8391
9676
4766
5016
8401
5284
5097
8973
9034
9992
4786
8672
8233
519
625
3506
4387
43
9226
2956
879
4074
3622
5333
5052
9879
1134
9777
265
9622
5273
9954
9802
9710
356
1572
4778
6189
2847
1972
3311
9673
2639
3891
2053
1590
6715
924
1727
4896
9439
5785
4692
9001
7637
2421
3597
6888
1539
837
8823
7810
2726
326
2594
3386
927
6049
8452
5320
6195
534
5876
8284
7915
3836
7945
7946
5747
8539
738
3338
7998
4366
9168
2860
5208
3126
7217
8513
5581
5890
4170
6266
2600
5600
9851
580
5622
6787
1602
7298
964
4753
9525
1427
6352
1854
7320
7544
6991
4838
6316
6960
86
7718
8386
3939
8274
8959
4439
4924
8310
4243
406
4963
9025
8022
2345
7146
676
6484
9908
8189
2239
807
9120
2503
9478
7065
8728
2400
3690
2337
8380
2884
7703
7263
3089
7520
7433
5327
775
3075
8220
9448
2150
3354
2441
8344
9072
2193
5801
7337
508
8133
4333
8199
6165
1665
8014
2903
7334
2410
8808
2556
4723
8614
8816
2432
4831
387
8660
6845
2872
3811
4799
8090
9317
6724
6904
7925
6946
6944
659
8112
4628
6057
4036
9956
9208
3962
9443
3960
1975
1348
7033
7644
2950
3015
4722
5667
9994
2508
3263
4625
9711
6300
6873
6325
3880
539
2545
3424
9870
8439
7622
3476
4331
5908
4276
8137
5453
8927
3865
1695
60
862
3139
8662
7469
1379
9171
4825
6091
3004
3916
9482
1546
72
1803
1799
5085
5938
372
6083
9906
2117
3147
2065
8993
7349
4727
7790
6568
8162
9474
4371
3212
3909
1157
6973
3844
5505
4777
9725
6999
1901
3677
8255
8154
129
9490
215
9817
9763
3450
226
6485
5418
2187
9632
5953
5377
4497
7816
3594
9279
6358
3762
6608
5891
2
6560
5108
3601
6966
1644
6802
4791
1046
884
4244
1509
4651
5508
3038
4581
9613
7127
5633
9270
6380
825
2143
5143
2146
2915
5915
5555
2165
9419
5827
1070
8320
5035
305
2559
74
8562
1184
3318
5613
9910
1093
9214
1655
4472
4790
8135
2465
6235
2429
4062
8321
3388
3540
6531
478
8163
2883
2965
3378
2857
980
1969
5727
4834
1331
7980
7070
1238
2307
7912
8629
3415
4889
2619
3365
2108
6118
5960
2101
5204
3474
9842
9868
3701
1996
6089
4657
2105
415
7914
105
6695
4663
4490
252
5401
5826
7648
287
8597
4226
6096
1606
8016
1974
8588
8285
1369
4422
8508
9679
1050
2796
4296
7517
8148
9282
2919
4976
3478
3162
9395
5646
5596
8187
6736
5873
803
8345
7183
6951
7210
5715
1837
1187
3230
2808
1578
9012
4489
5138
2354
8989
8045
4962
6763
6193
6065
8856
5850
7728
426
3793
3241
8101
7063
2820
1981
1952
655
2662
7401
4860
945
2945
5946
937
6253
7905
8009
5705
3266
7237
4136
8070
6126
6006
9827
2923
1257
5154
6727
2472
2435
9639
794
3666
5578
2319
2412
9183
6434
1905
7499
3041
5491
8876
6627
3816
2979
2826
8307
3481
5958
7954
6609
4193
6930
4190
1241
5557
4837
5059
7364
7808
7827
1194
466
9903
4459
3025
1612
7811
4419
5196
2137
9166
1354
6955
3718
6170
4646
4538
5576
2462
9452
9570
5593
2453
3439
6640
7720
2130
7239
9655
3023
3157
4839
4965
3961
2225
5071
1089
1697
3969
5241
7365
357
9267
3693
942
6731
4425
377
9412
3095
8467
6698
3523
668
3308
1725
9853
839
2200
8512
1531
1449
2428
644
8953
5492
7486
536
5819
4984
4726
1179
7223
1990
3502
723
1943
5502
296
7078
159
4527
6150
5413
2885
5317
2793
8535
2097
8262
1263
8043
5655
2011
1831
8818
970
5649
7564
5258
3953
190
4214
3179
9211
5763
3992
4149
855
2933
1236
2314
9143
5969
2457
6424
9529
6029
9327
5494
4972
9318
1977
6120
2301
5621
9563
3349
9584
2280
1068
4123
3248
2407
202
4292
145
4141
212
165
746
6027
7656
8076
9436
1376
1649
727
3470
53
9548
4645
1922
6009
1654
9323
5431
9028
8296
1197
229
4301
5099
6076
3535
3381
7669
4277
2943
7952
6735
8748
8282
6282
6600
571
5523
755
9127
658
7313
3982
4499
7852
6884
9346
9939
1759
8547
7227
8346
7343
8405
4469
5500
7271
1888
6200
1445
3632
2088
6723
2786
5883
9554
2514
9701
9427
1307
5698
4518
4038
2158
8121
8620
7886
3723
713
5616
1885
4541
2336
8231
5764
3770
9565
4481
5781
6074
2290
1142
4899
1412
6351
4394
2656
1497
3053
2701
3098
5421
2452
3291
2625
2974
3464
118
4808
4817
6038
2103
1477
6367
3206
3097
9453
5029
481
8779
9057
461
3347
3169
5210
2164
8131
8530
5545
8065
3155
5262
1063
8979
2142
7177
9524
876
9158
1561
651
467
2323
1836
8465
3542
7086
7139
2384
4046
1623
941
9757
5296
973
4022
4620
374
6359
741
6749
3739
909
4762
1540
2921
9675
3646
1442
2969
3852
4330
2869
9004
7962
5658
2740
2269
5120
4794
776
52
9351
168
5657
9541
8600
9225
1036
8361
3283
9137
1555
5440
1208
1172
7267
7345
7612
958
4054
9429
5973
6768
6181
5223
988
9902
7809
792
4094
3500
6710
5225
1265
3858
2234
4585
3734
2058
4251
728
7174
4812
7222
5644
6036
4908
7424
3872
5840
9726
1692
7531
6154
9299
9505
9689
9369
6800
1011
4820
4524
6374
8752
6138
6836
2565
8958
3344
448
1480
2978
1435
8739
6013
8940
6422
9759
7138
1124
3115
4615
3697
6671
235
6106
4398
9813
7265
4624
2907
1629
5122
6112
2306
1109
3649
7562
6107
3409
5458
1085
1564
2282
9513
7677
5134
979
9656
3103
6329
7235
1419
6284
8357
7932
2068
8910
4381
7580
7114
9805
783
3261
6740
8994
8831
4249
4523
2075
648
2299
3420
5813
419
8097
7764
4913
8809
1460
6855
5020
1242
4209
8039
2025
4823
7133
8623
1060
4153
1772
5722
8851
6016
3389
5902
4713
136
37
277
2072
5018
7613
9430
8351
2519
7646
5729
4819
5878
1774
4230
6584
3785
7818
1500
1167
693
2529
2346
4056
3549
4188
6034
7119
3536
8341
1910
5773
7967
8241
3510
9683
8128
4014
8447
8239
8942
3397
6060
8792
8146
8219
2757
3433
6885
459
9837
7543
2936
128
3875
2034
3511
2823
1648
6979
8075
2166
9175
4844
9695
1
8204
3584
1585
6559
7312
1784
1874
1794
5165
8196
4253
2585
4684
1492
7436
2966
9709
1489
382
3301
1463
1039
1814
19
7291
3408
9193
9144
660
9587
3494
2877
8549
3496
7965
4534
8673
9704
3604
5152
7516
3787
1496
5339
2074
497
7066
2955
8108
6654
6659
1237
1833
322
144
6644
8560
672
7076
8928
8720
5404
7098
5700
9213
2360
5308
4068
2044
6152
4088
4382
585
7479
3351
9316
7597
155
434
282
5301
2332
7353
3683
3786
9952
3268
4034
5305
4215
8184
5838
104
4354
8770
7221
7409
9301
9405
5250
2116
1247
9528
4509
3823
2700
9699
8407
4840
7367
3253
6785
3343
6465
2217
219
3364
9408
7802
4756
4406
5386
4396
4437
240
5235
664
8260
2724
9306
8350
5663
279
6128
1959
7309
1391
3014
9634
6947
331
5994
4053
5004
7605
207
9388
2325
9340
56
9951
7039
9792
6878
2894
2716
9147
7981
31
7688
4069
3327
4096
5805
7504
8110
2577
1073
8726
7404
3442
4128
7233
4229
820
4522
6056
8186
900
394
9904
6447
6362
7013
7163
7101
4303
1673
4033
9681
8197
7621
2750
2821
5023
6216
485
1565
7295
2168
828
9733
221
6218
5530
7586
5783
6510
3150
3032
8198
882
3260
5677
1921
5190
6330
9850
2148
9753
5088
506
4256
3503
5854
6296
5378
8230
27
4505
4781
7765
3779
4575
5671
2260
9967
703
951
3366
889
8498
5757
9864
678
2527
7289
5371
1548
7681
8879
2975
9619
5949
6476
8333
8526
7488
6017
5426
38
2115
1641
9722
6395
4809
8248
6108
665
9197
9038
960
4402
2096
2167
258
1960
5373
8275
653
7535
4921
6545
6752
2045
5533
8145
6381
1032
5259
5447
8484
7768
8846
2177
1916
906
1581
6167
8000
4705
6856
1323
5425
716
7559
3469
1779
4571
6639
6067
6372
3990
3541
6557
5100
5297
1842
7976
3789
3871
2006
657
3438
3911
9122
7292
7495
7269
9577
1366
8371
2042
110
2039
1984
4433
7314
8925
6981
6079
6527
9245
9160
1573
7175
5779
9400
8952
5318
7655
9848
5096
7010
9958
7740
5092
6604
5106
7831
1101
4174
4180
5708
8460
4970
8639
6817
3884
4412
4200
7490
1650
8359
7626
936
230
3102
6110
1775
2194
1105
273
200
1591
3090
3194
9341
1819
2989
1270
6487
5650
9091
849
8950
9101
6192
9917
2182
8570
8174
2131
1289
2186
9409
4870
8744
1988
4133
7107
4596
1273
208
3148
3017
2318
8678
2037
8111
9960
6000
8103
7356
7670
6224
1669
9373
1457
5038
315
7394
7500
4311
6228
6972
6863
5749
3639
57
9589
847
5780
4112
827
1998
9093
8711
5219
6164
6733
2050
785
2207
3493
2043
6555
5109
9159
3704
7307
8716
9345
295
396
8445
2905
4861
7141
8874
7201
4853
4326
6293
9140
7148
9397
9591
8047
8883
968
6572
7944
619
4830
1869
4498
7749
9353
2424
531
1630
7281
6632
6996
7145
7061
5847
3908
6094
1553
1343
9079
2471
9834
9520
319
337
405
7863
1308
6774
2908
1000
4093
9227
3606
2391
1020
7866
2069
3713
6564
8030
638
8686
1357
9761
669
250
6928
8566
2090
4533
3005
3694
2653
6242
9914
5344
1845
6102
930
5435
6310
111
8872
2276
2880
1718
6028
8767
8957
5524
2121
6229
2931
9888
7164
5110
969
4573
7659
4091
8680
4108
4457
561
9915
3093
1222
23
2911
2929
8797
3245
5956
9705
4047
9691
7083
8968
7689
6626
328
9872
5434
1072
9596
9041
1414
7786
3193
1999
3099
3600
5642
572
6592
7248
6661
802
6980
9141
5563
2067
9483
6778
1372
9230
98
9944
5983
9428
3881
9594
3548
9123
6388
3587
5509
5118
6683
9019
4630
3543
7579
8309
3047
1444
7821
7149
4576
8451
3204
7926
7726
6130
2339
5439
8557
4167
2524
3048
3931
3070
3716
2687
9347
8988
6143
4427
5536
6819
6140
4483
194
9303
6762
8577
2139
4729
8763
9640
1686
1678
567
3289
2095
3084
9048
6504
2946
2531
8249
9854
4090
7789
6583
1839
557
4467
9073
8072
6117
4414
8134
2107
6678
1322
4480
6526
8592
6236
1532
4987
686
4636
7779
4187
6524
8
304
1103
6385
9458
7994
3588
2228
7417
8833
7548
7704
2891
8980
8904
8936
6956
9265
1378
5516
8751
7001
4944
3488
9076
6534
2900
711
6822
4672
8564
2706
8421
4401
6655
9153
5068
8326
3519
5870
8584
6509
1884
7414
5314
7176
1724
1684
7064
409
7034
7028
593
82
2268
7363
2717
7887
8554
4973
332
9112
6721
9993
3782
4324
3599
1170
4349
2009
493
5489
7348
6313
343
8834
4931
3065
1880
170
482
7408
3570
3973
564
3163
734
6082
7604
8235
9516
8500
6472
5102
8878
1317
6846
4591
3905
123
6382
101
3073
5836
8647
3624
1525
6493
5484
4455
2982
5532
450
2236
6132
6619
7690
4783
7928
5617
3642
1277
5797
7573
7836
8366
369
7031
4598
88
6587
2434
8918
5474
7116
3363
1083
7861
2802
122
395
6949
8543
3850
5469
584
3970
9058
2839
4943
5670
6386
2588
4531
9586
8472
4195
1953
6398
6376
5086
2930
8240
5966
3993
3742
3375
1637
4148
5723
5159
7448
3702
224
6350
3906
3211
8214
5904
9988
8496
1229
2252
565
2144
5711
1964
6815
6186
5220
7972
3055
4005
2838
2426
8520
2061
9291
7860
9731
874
6356
7924
6500
9645
1991
8814
8914
4234
6754
3834
1461
5463
9246
8706
3763
3593
8844
7509
2092
4407
2811
3367
9547
7867
4608
9965
3062
3393
3900
3819
5119
3824
3317
9021
8561
3539
1367
9969
1946
5651
4127
3919
2842
9319
5133
961
8501
7734
3951
8079
7584
6237
7186
6391
1809
197
9719
6073
4864
5714
6687
1512
744
2981
8120
166
6537
3809
6377
1166
1450
4922
9550
3355
4999
4265
2010
7247
9772
3108
4317
266
9948
9968
4986
4866
9608
6022
3054
5162
1518
7710
6077
2573
7549
7169
4606
715
9461
3111
7686
3362
4083
797
7009
3849
1806
7324
7502
5476
9972
3080
1423
6593
4955
8292
8399
9018
5217
8938
8930
8092
6151
6280
5595
6699
6950
4920
4131
9433
6058
5860
9274
7927
6959
4504
3638
503
6686
7074
32
3648
9023
925
1896
7767
2172
7733
1890
4087
3370
1554
7126
4351
2205
3972
2987
4744
1610
1893
3059
609
11
1805
541
2181
1892
9236
4891
4478
6451
3669
3509
5690
6207
1777
1115
7799
971
4641
7208
7405
9067
9473
9331
6449
4370
6791
7834
8658
9013
5694
3551
8155
5136
1843
54
4282
7889
9746
8996
5896
2795
1997
1018
7717
1029
9444
3479
1437
7005
805
7276
9218
8684
9074
1690
4008
5323
8191
7379
2690
2770
3528
4905
1639
9015
4007
2657
6648
972
6853
8185
1680
7162
8004
2026
8396
1315
5927
7168
9471
1426
2284
76
6478
6387
4900
2960
7618
469
8360
2119
3236
9099
6620
4761
3335
8812
6650
9990
4806
5775
9508
383
8862
7819
3507
7891
7511
7940
9576
5368
2206
4882
7893
6541
6643
34
1596
2171
7625
1670
2399
9268
2927
9845
8601
9185
3575
6198
4388
9829
7784
4066
2125
1482
6562
6008
6109
4117
6809
5968
4898
7452
9228
9847
5625
8475
687
1371
8463
161
5841
6131
6324
7652
1140
233
9188
4983
7457
4271
8299
834
8010
8319
9470
167
5260
8685
9083
6706
4269
4319
3113
1098
6621
4166
2737
6688
376
2550
6069
1813
7731
245
3141
299
9542
8618
4647
8152
8605
9595
9697
8064
7859
5751
1156
2941
8785
5941
7097
7432
9437
6867
4880
917
3874
3392
5080
495
9029
131
7299
3568
9643
4081
1732
766
586
2617
6732
3319
9978
6992
4733
327
8590
2954
1978
1024
903
9785
3774
424
9329
87
5961
6497
7743
2374
5443
7435
7252
8264
2918
3835
5124
7560
3333
2928
8067
559
9068
8899
8483
93
3057
4479
261
6048
6243
4952
8710
6814
6536
4731
8648
2256
908
7376
4079
9796
1148
6574
1919
8558
5392
6357
2736
2492
6116
5445
8438
1760
4599
5268
9488
9839
7153
981
1327
6206
1788
4892
6370
6832
1065
4343
4147
2523
3545
7857
300
9489
1220
6245
199
954
9558
9231
547
6334
7224
4030
3557
3663
3027
7685
9890
5803
5067
6279
8403
6135
8690
2873
7391
1498
8127
2670
5857
5
7823
6276
5287
8123
8794
2553
5282
20
1387
2568
7093
3771
1493
9553
5172
389
8147
1318
4138
7485
6458
5645
9184
1985
4440
7100
5188
3121
6185
1251
4780
1930
8731
9815
1362
5565
8006
9126
1742
9054
2769
1476
7262
6271
1002
1475
1210
9773
2541
3784
1574
8616
4536
3843
9035
158
2489
5865
768
9840
9647
8742
6488
8263
9286
9449
9391
7576
2562
1128
9094
1778
4545
749
9212
8132
7825
2110
4458
483
2538
3933
852
1851
2203
2416
2447
3137
9339
3561
1702
5604
2620
9014
6789
4102
6211
4201
1268
3637
5884
2747
8244
4275
4553
2711
2627
5456
983
3696
1245
2761
3968
5588
2420
5417
5182
4029
7906
7691
2762
209
1608
1003
9421
7540
8895
7971
5991
4611
9891
6005
7172
5787
1634
3665
8983
9869
6848
2192
6629
9821
2554
1171
8171
6326
119
4408
949
4656
8782
1300
9379
7388
5770
6586
7132
49
4156
9364
2210
4336
5212
2957
5529
5487
812
5777
6799
4848
7304
7554
3583
9614
3525
5437
4365
5641
3101
5462
1267
5699
2403
5735
2977
9040
3430
3198
9053
9063
9748
8226
1744
4323
5712
8340
7942
8880
6700
4829
4648
3052
6936
7923
4302
9651
9107
1627
4846
1239
9604
5635
9090
3996
9545
3505
4095
7420
6104
1143
8095
7026
7335
3890
7869
9672
6452
3634
3244
5753
3948
2224
5719
1543
8749
4150
5148
6954
135
3758
4135
953
7166
9942
2481
6283
7285
9037
1299
6375
9803
1182
8695
9971
9766
3231
6256
7683
6001
3449
2372
9688
9271
3472
5069
6697
9262
5384
7820
9811
1146
3359
1047
589
1189
6369
5104
6078
6341
9374
7828
9205
7953
2321
346
6708
318
3189
8606
4312
8867
3710
3250
6919
4377
6396
1672
3414
7213
2902
9930
7629
7030
521
2444
1660
9765
6328
3608
8420
7124
8826
7325
5547
1155
2155
92
9104
782
8768
3633
7415
1824
2357
1215
8976
671
6153
1062
2046
3125
1719
9523
2278
1338
9
4500
5034
2854
6709
6417
3452
3454
694
9991
7402
5626
2614
1735
3037
8195
4695
3290
3040
5289
4854
1332
8373
4352
9314
183
596
3399
6525
8795
3957
6092
3980
1754
115
370
5303
9254
1471
5137
4246
2615
451
3756
4501
2533
3839
6168
558
2216
8182
9921
3810
6607
5295
9039
491
859
8377
4409
447
3840
8723
2442
5350
8287
7451
3846
2814
4635
1914
910
9407
5734
3328
5829
7322
2822
5429
8868
8221
6677
2633
4964
4496
1593
3975
7835
1421
7696
8861
9114
6615
6766
5548
8201
257
7380
477
8984
4586
1741
7300
4953
1258
9464
6171
1976
6737
213
707
6490
8966
6786
1439
5292
7121
4316
9945
5349
5942
5681
6942
991
18
6844
2604
217
714
3947
8454
4775
6653
6720
473
7745
4447
4283
59
1069
540
8394
6765
4284
5180
2678
7772
4708
7872
9392
4101
854
2637
24
8091
9273
7795
9703
1287
9390
5704
7399
6210
5365
1729
1486
6315
3605
6392
4737
9304
5999
3131
934
9567
4057
77
7342
5111
1542
6565
1516
2947
1840
6134
138
2059
9804
2758
6674
7636
628
1616
1205
8325
2366
5232
6383
8598
8788
9607
1536
2631
2251
3287
4960
801
8374
5486
8410
1971
4660
5872
7052
4179
6448
5005
2486
6771
878
8428
4557
944
3281
3776
8800
5603
2640
391
6410
840
4923
3934
1558
2809
3831
6542
5065
7908
4168
7351
2019
9238
5388
5416
4764
2183
1425
8667
3220
850
4120
1765
1080
7489
1361
5975
9714
3903
6779
8001
2752
2746
4759
8610
4420
6239
3851
4507
3192
3076
9371
2704
5647
2100
1533
8165
216
2033
3558
2176
227
7095
9985
2893
7333
4152
3955
6738
8153
8086
8515
7804
1053
522
4785
6420
2126
4774
2570
8650
6861
1286
5276
8657
2973
543
1986
6308
1350
8096
6770
5754
3615
3412
4368
3044
4795
9571
4971
6026
4413
2612
2552
4291
8911
9831
4772
2430
5653
5242
8286
3077
361
4010
8887
2295
8961
7020
321
3114
1377
637
1739
2867
5160
8970
5551
9852
1652
8208
6646
4508
3292
5895
4798
7657
2910
7973
8304
4835
8119
7694
6361
3999
1785
7301
8018
6182
9549
6821
3043
446
1395
626
4974
6679
7850
5302
6321
5624
4659
5479
8013
7494
6166
9080
4450
5741
7474
7022
7357
4380
7332
7788
3915
8885
8141
8027
9685
7091
5093
9492
2699
3845
3183
7897
8919
9000
3428
9165
4086
7242
3928
2405
3518
3657
1776
7278
9572
8747
152
4016
4535
6454
3773
2388
5281
3031
8364
6063
9134
2436
2695
6918
9232
404
7730
4254
4618
3444
7308
6658
9938
7108
1900
1264
4632
606
3720
5367
3118
5894
2071
8946
5395
9788
4013
7635
8266
7225
8353
9176
8698
7438
7570
6520
4245
8649
4583
2031
9843
5731
2643
4627
6190
6696
8480
7243
4293
955
798
5449
3706
4454
7246
2845
4682
7665
1983
7766
2904
4592
3361
1232
6657
8136
2064
5467
4145
3074
2853
1381
2870
3461
1102
9905
8044
8655
977
455
359
3402
7021
9179
2825
6338
7029
3199
1224
5822
8422
9836
5051
4435
6378
7282
800
7761
835
4345
8811
4280
525
2569
5115
7087
2201
5009
4041
4257
7171
5261
9712
2063
4460
2680
2460
8786
344
6354
3790
1795
6881
5828
1136
634
636
3995
5430
4399
4308
268
6613
4828
5885
8734
9223
5058
7110
8753
3358
4876
7498
8349
3020
6146
6213
9202
6339
829
1745
2265
4740
9743
9885
8294
6826
1906
3830
3313
6267
7598
5987
5030
9949
6577
148
1064
8977
6457
7180
1129
5123
8729
5834
3746
8071
7916
597
3341
6322
3003
9793
8652
6561
588
725
5028
246
3922
722
4318
851
5748
6464
6196
5000
3869
124
9552
600
962
1495
5703
3334
2008
7514
3764
2686
8898
4601
3772
5793
9337
242
4994
2991
7800
9220
5283
8308
5147
5744
1995
8397
9861
7668
1537
1925
5313
5423
1685
5376
3034
7870
5976
9682
6549
3747
1830
4551
8431
796
9457
9512
9491
3936
9789
9253
2381
7482
7478
6389
8613
7521
984
9356
5866
2813
2622
9886
8272
1161
7360
1418
5629
685
1305
7012
1180
5019
9521
2173
7858
9062
9259
7883
2801
4390
2555
4071
6637
4954
9084
8704
4704
3088
528
4765
4369
2104
3284
7569
9533
3766
8559
310
1957
4028
4461
4012
1674
3463
8634
5464
5493
3781
7702
211
3550
1141
2756
2658
6456
5726
6429
3434
8507
3106
7060
97
5911
9518
5771
5403
3384
1456
7200
2222
7977
8245
9918
4873
8057
2705
761
7617
9816
8436
7043
425
7103
6419
4397
2479
4075
8461
4691
9736
8944
8242
2602
674
4956
413
2151
8094
7069
9118
8161
7583
8524
938
4562
4058
9135
8674
5410
3678
8736
4749
7982
8257
4895
4985
8083
2291
985
1559
5592
4373
8270
3495
4386
1879
8335
228
3635
6623
3042
8028
6769
4564
464
5951
1100
1895
4220
4574
3133
8435
780
1487
8892
3376
2356
7955
7460
8796
4741
3191
9878
5257
2578
270
9937
9799
6097
7151
9095
3427
3873
9026
1462
410
5517
2017
8054
1164
8534
9416
2655
3703
4105
3300
6041
4934
4693
5141
708
4917
4471
9173
8760
64
4426
6003
9297
8061
7585
1994
5175
4685
5791
7250
6755
9786
3738
3285
6940
179
6046
4629
2688
1878
1907
5930
2024
4361
8332
169
3609
9538
8840
4059
3196
4208
9630
5304
3553
6103
2597
4389
9415
5046
2984
8504
1059
7016
4411
9394
5628
9539
94
6982
403
4512
7035
7608
4434
444
8339
6874
1592
2777
9605
950
4107
4006
6133
8228
3516
1801
6909
9876
2992
3815
2652
3885
7302
1135
7136
418
7006
5091
3662
7455
5322
9755
5380
5007
2188
2456
9384
2338
347
9309
4569
8118
8376
2414
1095
5837
1121
4268
2174
813
4392
1707
5336
3325
5155
5310
5673
5294
1575
1185
1106
7194
163
9244
423
2649
1705
1149
6294
594
7279
9446
7851
9198
6837
2048
5936
4049
8246
4310
4216
8297
4582
4305
6495
4980
1624
2561
3235
4690
2648
8699
5537
1706
5743
6066
3466
2988
4137
3356
336
1736
99
9502
2783
620
8656
2253
3897
4019
1594
9484
9718
5766
4590
4360
598
9922
4378
3006
7228
5678
8217
4936
2027
527
7760
8791
8413
6622
8440
274
9926
1658
8194
1356
6225
1266
4444
2912
2133
1887
615
9097
5696
3733
8087
6090
6441
6515
7216
2882
286
8395
8343
9047
7989
5032
7214
3979
8479
8354
7603
