1
3
4
5
7
14
15
17
21
23
24
25
28
29
30
33
37
45
47
48
50
51
52
53
55
62
63
65
66
67
70
72
76
77
78
79
82
84
86
88
89
90
91
92
94
95
97
99
101
105
111
112
113
114
116
118
120
121
122
123
126
127
130
132
134
135
139
141
143
149
156
157
158
160
161
162
163
164
166
167
170
171
173
176
177
179
181
182
184
186
189
190
191
192
193
194
196
200
201
203
206
208
210
214
215
216
218
219
220
221
222
225
226
234
235
238
240
241
242
246
248
249
254
256
259
260
261
263
264
265
267
269
270
272
273
281
283
284
285
286
287
289
291
293
295
296
302
303
304
306
308
309
311
312
313
316
321
323
326
327
330
334
335
336
338
340
342
343
344
345
349
350
353
354
355
358
359
361
362
363
366
370
371
372
373
376
377
379
380
381
384
386
388
390
391
392
394
395
396
398
400
401
407
410
412
418
419
421
424
425
426
427
428
430
431
435
437
438
439
441
442
444
447
448
450
453
454
455
461
462
463
468
472
474
475
476
477
478
480
482
483
484
487
491
492
494
495
498
499
501
504
505
509
510
511
515
516
517
519
523
525
526
529
531
534
539
543
545
546
547
551
553
555
556
559
561
562
563
564
565
566
567
569
570
572
576
578
580
581
582
584
585
586
587
589
591
592
595
596
599
600
601
602
605
606
608
609
610
611
613
614
615
617
619
620
622
625
626
627
628
629
632
636
637
638
639
640
641
644
646
648
649
651
657
660
661
662
665
666
668
669
670
671
672
678
680
681
682
684
685
687
690
694
696
697
699
700
702
705
712
713
719
720
721
722
723
724
725
726
727
729
730
734
735
740
741
744
747
748
754
755
758
765
766
768
769
771
774
777
778
779
781
784
785
787
790
792
793
794
800
801
805
807
808
811
813
817
818
819
823
828
829
830
831
833
834
837
838
839
840
841
844
845
847
848
849
853
856
858
859
860
862
865
866
867
869
873
874
876
877
879
881
883
884
887
889
890
891
899
900
903
904
907
910
911
914
915
919
921
922
926
930
931
933
934
935
937
938
941
943
947
949
951
952
953
955
957
958
959
961
962
963
964
967
968
969
970
972
973
975
979
980
983
985
986
987
989
990
993
998
857
393
58
616
594
942
378
549
352
301
742
908
199
213
332
674
916
83
718
93
631
360
137
231
995
382
944
852
704
262
470
946
560
658
41
815
416
403
46
402
348
816
875
387
936
124
583
902
999
656
489
486
607
68
885
688
548
716
168
198
536
527
339
775
749
54
732
676
708
325
994
144
180
927
404
409
148
188
12
331
659
802
645
888
60
27
466
452
846
172
923
750
423
733
169
356
630
383
906
406
389
612
318
445
897
74
223
233
898
204
579
257
782
634
894
75
715
932
544
411
783
981
540
250
328
835
821
974
44
706
710
147
764
892
760
920
299
759
333
106
255
493
577
49
104
243
701
385
988
574
772
571
351
245
826
460
434
893
761
652
809
128
236
319
791
882
984
420
996
535
297
832
568
804
443
459
365
552
524
896
929
948
31
211
278
691
209
142
252
976
954
2
917
667
465
274
405
485
473
812
13
695
375
369
155
413
207
842
683
152
275
822
185
457
307
187
36
647
159
42
598
618
57
530
239
374
119
909
432
643
703
940
763
960
80
861
851
175
738
399
588
150
481
276
789
664
550
506
56
635
87
677
965
513
136
537
521
508
997
522
217
224
714
115
110
282
924
870
117
679
773
446
855
872
901
728
737
85
776
854
939
237
642
795
258
8
40
183
971
597
414
868
806
98
863
300
496
880
950
717
131
440
692
557
788
109
290
843
107
520
11
268
709
140
18
736
757
232
324
32
623
59
471
799
479
279
803
497
429
698
212
798
825
650
205
145
451
731
288
824
138
228
746
96
125
490
9
836
500
422
675
227
43
913
34
467
81
593
292
895
368
244
925
1000
322
417
20
317
464
277
469
966
305
886
514
71
357
621
151
633
100
346
978
786
991
541
558
458
38
26
796
247
590
271
280
503
449
165
197
878
573
693
315
488
310
827
253
673
415
266
689
982
153
251
64
436
10
6
770
367
945
22
314
810
820
341
762
433
653
575
752
178
512
745
533
154
711
61
19
73
756
337
686
229
992
956
146
230
739
753
743
16
133
174
102
767
108
294
35
977
624
554
928
654
814
39
507
532
103
538
364
780
707
129
397
347
663
850
456
871
912
69
905
751
202
655
298
329
320
864
918
518
797
542
195
528
604
502
408
603
