8
10
11
13
14
15
16
17
18
21
23
24
28
30
34
37
39
41
42
45
47
48
49
51
59
60
62
67
68
73
74
75
76
77
78
84
85
86
88
89
90
91
92
93
96
98
100
102
103
105
108
109
114
115
116
117
118
120
122
123
124
125
127
129
130
131
132
133
135
136
137
139
140
142
144
146
150
156
157
158
163
167
168
171
172
174
176
177
178
179
181
182
183
184
185
186
193
195
198
199
201
203
206
208
212
213
219
221
225
226
227
229
232
234
237
238
239
240
241
245
246
247
249
250
252
253
254
258
261
264
265
268
269
270
271
276
277
279
280
282
284
285
286
288
289
292
293
294
295
297
298
299
300
301
303
307
309
313
314
317
318
320
321
322
323
327
329
330
331
332
334
335
336
338
339
340
341
342
345
351
354
355
357
359
365
368
369
370
372
373
374
375
376
382
383
386
387
388
389
390
391
392
393
394
400
403
406
408
410
411
414
416
417
418
419
420
421
425
426
427
428
429
430
431
435
441
442
445
446
451
454
455
456
460
461
463
465
466
470
471
473
474
475
477
480
481
483
486
487
488
489
490
491
492
493
494
497
499
501
503
504
505
506
507
508
511
512
514
518
524
525
526
528
531
534
535
538
539
540
542
547
549
557
559
560
564
566
567
568
569
571
572
577
579
582
584
589
594
596
597
601
603
604
605
606
607
610
613
614
616
617
620
622
623
624
625
628
629
631
632
633
635
636
637
638
639
640
642
650
651
652
653
654
656
659
661
662
666
668
671
673
674
676
677
680
682
683
684
685
686
688
689
690
697
698
699
703
706
707
710
715
716
718
720
723
727
728
730
733
735
736
737
738
744
750
753
759
760
762
763
765
766
769
770
777
778
779
780
781
782
783
785
788
789
790
792
793
795
798
799
803
804
810
811
813
815
817
820
823
828
830
833
834
835
836
837
838
841
842
843
844
845
846
848
850
851
852
856
857
858
859
861
864
865
866
867
868
870
874
875
876
880
881
887
888
891
892
894
896
898
900
903
905
907
908
910
911
912
913
914
915
919
922
923
927
928
930
932
935
937
940
943
944
945
946
947
948
950
951
955
958
959
960
961
968
970
971
975
976
979
980
984
986
987
988
991
993
995
997
999
333
583
272
884
645
79
608
826
722
832
755
31
515
242
190
809
658
111
554
576
152
761
407
145
740
969
53
877
920
217
794
768
863
862
161
256
444
187
933
484
786
691
745
46
532
66
556
899
500
626
72
808
243
797
69
904
805
87
222
462
160
101
906
401
423
917
310
711
573
924
775
578
641
807
106
776
148
741
824
558
405
259
398
173
496
214
536
949
141
3
70
450
618
443
396
655
202
305
395
478
916
936
889
990
869
255
754
957
26
962
714
83
952
562
287
814
695
751
149
230
893
929
878
194
992
883
235
65
189
541
44
717
58
725
207
25
81
634
748
956
801
151
746
35
502
756
747
153
107
464
879
821
860
602
290
719
681
675
643
162
32
953
422
724
565
840
210
679
364
296
6
982
702
104
404
523
312
328
197
319
667
873
263
436
855
902
663
822
218
575
200
965
437
2
825
257
742
224
925
29
570
379
385
897
169
847
621
380
533
54
938
513
696
612
931
315
459
989
934
712
713
33
361
134
619
772
56
796
758
384
966
57
853
378
262
349
220
998
479
552
520
941
306
672
609
209
166
439
787
343
275
527
274
366
890
587
468
996
211
708
52
592
138
233
827
983
5
764
729
61
113
981
244
752
347
885
448
649
901
236
926
647
350
994
402
1
871
434
495
458
20
964
154
9
367
791
302
325
544
457
942
164
985
110
352
972
112
192
266
648
4
467
585
595
829
64
121
119
360
432
732
819
371
574
43
963
409
308
588
630
155
63
248
705
546
872
529
521
159
816
128
550
694
40
590
561
348
452
767
165
543
27
283
281
1000
95
413
517
537
600
839
482
476
205
973
831
704
784
363
627
377
358
939
50
580
669
291
670
38
251
967
644
921
453
353
978
646
749
849
447
36
530
555
509
739
498
665
362
726
918
99
304
7
55
337
215
909
657
397
216
440
519
774
97
510
472
344
147
412
143
346
433
545
886
273
469
895
586
692
693
267
316
485
593
180
356
71
415
449
771
175
687
802
551
22
591
80
399
743
82
773
231
204
381
223
324
424
326
611
974
709
553
977
660
563
170
438
882
19
854
598
191
12
126
721
954
228
678
260
94
701
700
615
196
757
188
311
800
516
818
664
734
278
548
599
731
522
581
812
806
