4
5
7
9
18
19
21
22
23
24
25
26
27
29
32
35
38
39
40
43
47
48
49
51
55
58
59
60
61
62
63
69
70
71
74
78
79
81
82
91
92
93
94
99
101
102
105
107
109
110
111
112
120
122
123
126
127
128
129
131
132
136
137
138
141
143
144
145
146
149
152
154
156
158
161
163
166
170
173
175
176
179
181
182
188
189
190
191
193
194
195
200
201
202
212
213
215
216
217
219
222
224
225
227
231
234
235
236
237
240
241
242
245
246
247
249
250
251
252
253
255
258
261
263
267
268
271
274
275
276
277
279
281
282
287
289
291
293
294
295
298
299
300
303
305
306
308
312
313
317
321
324
325
326
327
328
332
334
335
336
337
338
340
342
343
344
345
346
347
348
352
354
355
356
357
361
366
369
371
372
373
374
375
377
379
382
383
384
385
386
387
388
389
391
392
398
400
402
403
406
407
408
409
413
414
415
417
420
421
424
425
429
431
432
433
434
435
441
442
444
447
449
451
452
453
457
460
461
464
465
469
473
474
475
476
477
481
482
483
485
487
490
492
493
494
495
496
497
498
501
503
504
507
508
510
513
514
516
517
519
520
521
522
524
527
528
529
531
534
535
536
540
541
543
544
546
548
550
551
553
559
563
564
565
567
569
570
572
574
578
581
584
586
588
593
594
595
596
599
600
603
608
609
610
611
612
616
618
620
621
623
624
626
628
629
630
637
639
643
646
649
653
655
657
658
666
667
670
671
676
679
682
684
687
689
698
699
700
704
705
707
710
711
712
714
715
716
718
719
723
725
726
728
730
731
732
733
736
737
743
747
748
749
750
753
756
758
759
761
762
763
764
765
766
767
771
772
775
778
781
782
783
784
785
788
790
794
795
797
798
799
801
802
803
804
805
807
808
809
810
811
812
813
815
816
817
822
823
824
825
827
829
831
834
836
838
839
841
842
846
848
852
853
855
862
864
866
869
870
874
875
876
877
878
880
883
885
887
889
891
893
897
898
899
901
903
904
906
907
908
909
910
911
915
920
922
925
926
928
931
932
936
938
940
941
942
947
948
949
950
953
956
957
958
961
964
965
972
977
978
979
980
982
985
989
990
992
993
994
995
997
998
999
1003
1004
1006
1012
1015
1022
1024
1028
1032
1033
1037
1039
1046
1050
1054
1055
1057
1058
1059
1061
1062
1063
1064
1065
1068
1069
1070
1071
1072
1073
1074
1077
1080
1088
1090
1091
1092
1094
1097
1098
1099
1100
1101
1102
1103
1104
1105
1107
1109
1112
1113
1116
1118
1119
1121
1122
1124
1125
1128
1131
1132
1133
1134
1135
1138
1141
1143
1145
1147
1151
1158
1160
1161
1162
1164
1165
1166
1171
1175
1176
1178
1179
1180
1183
1184
1193
1194
1198
1199
1200
1201
1203
1205
1207
1209
1212
1213
1214
1215
1218
1219
1221
1222
1224
1225
1226
1229
1232
1233
1234
1235
1240
1242
1243
1244
1246
1247
1249
1250
1253
1254
1256
1257
1258
1259
1263
1264
1265
1270
1274
1275
1276
1278
1280
1282
1283
1284
1286
1288
1292
1293
1294
1299
1300
1304
1306
1307
1309
1310
1311
1314
1315
1316
1319
1320
1322
1323
1324
1325
1327
1333
1334
1335
1337
1340
1345
1349
1350
1351
1352
1353
1357
1358
1359
1361
1364
1366
1369
1372
1376
1377
1378
1382
1385
1386
1387
1388
1395
1397
1401
1404
1405
1406
1409
1414
1420
1421
1422
1423
1442
1446
1447
1450
1451
1454
1455
1456
1462
1463
1464
1470
1475
1476
1477
1478
1480
1483
1485
1486
1488
1489
1490
1492
1494
1495
1499
1502
1503
1504
1509
1510
1511
1512
1513
1516
1518
1520
1522
1525
1526
1527
1528
1529
1540
1541
1547
1550
1551
1552
1554
1557
1558
1559
1560
1565
1566
1567
1569
1570
1571
1572
1573
1574
1575
1576
1577
1580
1581
1582
1583
1585
1586
1587
1589
1591
1597
1600
1602
1605
1610
1611
1612
1613
1614
1616
1617
1619
1620
1622
1624
1625
1628
1629
1632
1635
1636
1639
1641
1643
1644
1645
1646
1647
1649
1650
1651
1652
1653
1654
1660
1663
1666
1667
1671
1672
1673
1677
1680
1683
1685
1686
1688
1689
1690
1691
1692
1693
1694
1695
1696
1697
1699
1700
1702
1703
1707
1708
1710
1714
1715
1723
1724
1725
1731
1732
1733
1737
1739
1744
1745
1750
1752
1754
1758
1761
1762
1765
1767
1768
1769
1770
1772
1780
1782
1785
1788
1789
1792
1794
1799
1802
1803
1804
1805
1806
1807
1808
1809
1810
1811
1815
1817
1819
1821
1823
1824
1827
1828
1830
1832
1833
1834
1835
1840
1841
1844
1845
1846
1847
1848
1850
1852
1855
1857
1861
1862
1864
1869
1870
1871
1874
1875
1876
1877
1878
1880
1881
1882
1883
1884
1886
1887
1888
1889
1890
1892
1894
1895
1899
1900
1901
1904
1905
1906
1908
1909
1912
1914
1916
1917
1919
1921
1922
1923
1925
1928
1932
1933
1934
1936
1937
1939
1940
1942
1943
1944
1945
1950
1954
1957
1958
1962
1965
1966
1967
1970
1974
1978
1979
1981
1982
1983
1984
1985
1988
1989
1993
1999
2000
2001
2006
2007
2009
2011
2015
2016
2017
2018
2020
2021
2022
2024
2025
2027
2029
2030
2032
2033
2034
2038
2039
2040
2043
2044
2047
2051
2052
2053
2055
2057
2059
2060
2066
2069
2075
2076
2080
2082
2083
2085
2086
2089
2092
2093
2095
2098
2099
2103
2105
2108
2110
2113
2114
2115
2117
2119
2120
2121
2122
2127
2132
2136
2137
2139
2140
2141
2144
2145
2146
2147
2148
2149
2150
2151
2153
2156
2157
2158
2159
2160
2163
2165
2166
2167
2170
2171
2172
2176
2177
2181
2182
2184
2185
2186
2188
2189
2191
2192
2193
2194
2195
2196
2197
2198
2203
2204
2206
2207
2210
2213
2214
2215
2218
2223
2224
2228
2230
2232
2234
2237
2239
2244
2246
2247
2248
2249
2251
2252
2254
2255
2256
2257
2259
2261
2262
2266
2267
2269
2270
2273
2275
2277
2278
2279
2282
2283
2284
2285
2289
2293
2295
2296
2297
2298
2300
2301
2302
2309
2313
2314
2315
2316
2317
2322
2324
2325
2326
2327
2329
2333
2334
2336
2340
2343
2345
2346
2347
2348
2349
2350
2353
2358
2362
2364
2373
2374
2375
2377
2378
2379
2380
2381
2384
2385
2388
2390
2392
2395
2396
2397
2400
2401
2403
2404
2405
2408
2409
2411
2415
2416
2418
2423
2426
2428
2429
2436
2437
2441
2442
2443
2445
2451
2452
2458
2460
2462
2463
2464
2467
2469
2476
2478
2480
2483
2484
2489
2491
2492
2493
2494
2497
2498
2499
2500
2501
2504
2506
2509
2510
2513
2518
2521
2524
2526
2527
2530
2531
2532
2533
2534
2536
2540
2541
2543
2545
2551
2553
2554
2555
2557
2559
2561
2563
2566
2567
2569
2570
2572
2574
2575
2577
2578
2579
2582
2583
2585
2587
2590
2592
2594
2595
2596
2598
2599
2600
2601
2604
2605
2607
2608
2609
2610
2611
2612
2613
2614
2617
2620
2622
2624
2625
2626
2627
2629
2630
2632
2636
2637
2639
2640
2644
2645
2646
2647
2648
2652
2655
2661
2662
2665
2667
2669
2670
2671
2674
2675
2682
2689
2690
2691
2694
2696
2701
2702
2703
2704
2708
2709
2711
2712
2715
2716
2717
2718
2720
2721
2722
2723
2726
2727
2732
2734
2735
2736
2739
2741
2743
2744
2747
2749
2751
2752
2755
2757
2758
2759
2760
2761
2767
2768
2769
2771
2774
2777
2779
2782
2783
2784
2787
2791
2795
2797
2801
2803
2806
2809
2812
2813
2816
2817
2819
2821
2825
2829
2830
2832
2834
2836
2837
2839
2840
2841
2848
2852
2855
2857
2858
2859
2860
2862
2864
2865
2866
2867
2868
2869
2872
2873
2874
2875
2876
2877
2878
2879
2880
2883
2886
2888
2890
2891
2893
2896
2898
2902
2903
2906
2913
2915
2923
2926
2927
2928
2932
2934
2936
2940
2941
2942
2947
2949
2950
2951
2952
2956
2960
2962
2963
2965
2967
2968
2969
2970
2972
2973
2974
2977
2979
2980
2982
2984
2985
2989
2990
2991
2994
2995
2996
2998
3000
3001
3003
3005
3009
3010
3012
3013
3015
3018
3020
3022
3023
3026
3027
3028
3029
3030
3031
3032
3035
3037
3038
3040
3045
3049
3050
3054
3058
3062
3063
3064
3065
3067
3070
3072
3077
3078
3079
3080
3081
3082
3085
3086
3087
3088
3089
3093
3098
3099
3102
3107
3109
3110
3111
3112
3113
3117
3119
3120
3122
3127
3129
3130
3131
3132
3134
3135
3139
3140
3144
3145
3147
3149
3150
3151
3152
3153
3154
3156
3157
3158
3159
3160
3161
3164
3166
3173
3176
3177
3178
3179
3181
3182
3184
3186
3187
3188
3189
3191
3192
3193
3194
3195
3196
3198
3199
3202
3203
3210
3212
3213
3214
3215
3219
3221
3224
3227
3228
3229
3230
3231
3232
3236
3237
3243
3247
3248
3249
3251
3252
3256
3258
3259
3260
3261
3262
3264
3267
3270
3271
3273
3276
3279
3280
3281
3282
3283
3284
3285
3286
3287
3289
3290
3291
3293
3294
3295
3296
3297
3298
3301
3302
3308
3311
3312
3313
3314
3315
3316
3317
3318
3319
3320
3321
3324
3326
3328
3329
3331
3332
3333
3334
3336
3337
3338
3339
3342
3344
3348
3350
3352
3353
3354
3356
3361
3362
3363
3366
3368
3369
3377
3378
3379
3381
3387
3388
3391
3394
3397
3399
3401
3402
3403
3404
3405
3411
3413
3420
3423
3424
3425
3426
3427
3428
3429
3430
3433
3434
3435
3436
3437
3438
3440
3441
3442
3449
3453
3454
3456
3458
3459
3461
3464
3465
3466
3470
3471
3473
3474
3478
3481
3482
3483
3484
3486
3488
3490
3492
3493
3494
3495
3497
3498
3499
3501
3502
3503
3504
3506
3507
3516
3518
3519
3520
3524
3526
3527
3528
3529
3530
3533
3535
3536
3537
3539
3540
3544
3546
3547
3550
3551
3552
3553
3555
3556
3557
3558
3561
3562
3564
3565
3566
3567
3568
3572
3573
3574
3575
3576
3578
3579
3580
3582
3585
3587
3589
3590
3594
3595
3596
3597
3599
3600
3601
3603
3605
3606
3608
3610
3613
3615
3617
3621
3622
3624
3625
3626
3627
3628
3629
3631
3636
3638
3640
3641
3642
3643
3645
3647
3648
3653
3654
3655
3656
3657
3658
3659
3662
3667
3668
3669
3671
3675
3677
3681
3682
3686
3687
3690
3691
3692
3696
3697
3698
3701
3702
3703
3707
3708
3715
3716
3719
3722
3724
3725
3729
3731
3732
3733
3735
3736
3738
3739
3740
3741
3742
3743
3745
3746
3751
3754
3756
3761
3763
3764
3770
3773
3774
3776
3781
3783
3784
3785
3787
3788
3789
3794
3795
3796
3803
3804
3805
3806
3810
3813
3814
3815
3817
3818
3820
3828
3831
3833
3836
3839
3840
3846
3847
3851
3852
3855
3859
3860
3865
3866
3868
3869
3870
3871
3872
3874
3877
3878
3881
3882
3883
3884
3885
3888
3895
3899
3902
3904
3905
3909
3910
3913
3914
3917
3918
3920
3921
3922
3923
3924
3925
3926
3928
3930
3933
3935
3936
3937
3939
3943
3945
3948
3950
3951
3953
3955
3956
3957
3958
3961
3962
3963
3967
3968
3971
3974
3975
3976
3978
3979
3981
3983
3984
3988
3989
3994
3995
3996
3998
3999
4003
4004
4007
4009
4010
4011
4012
4013
4016
4017
4021
4022
4027
4028
4032
4033
4038
4039
4040
4042
4043
4044
4045
4047
4048
4050
4052
4053
4055
4059
4060
4069
4072
4078
4080
4084
4086
4088
4089
4090
4091
4095
4096
4100
4101
4104
4108
4110
4111
4113
4115
4116
4119
4121
4125
4128
4129
4133
4137
4141
4142
4146
4148
4149
4150
4152
4154
4156
4157
4158
4160
4161
4164
4169
4173
4174
4176
4177
4180
4181
4182
4184
4186
4188
4189
4190
4194
4196
4197
4203
4207
4209
4210
4211
4217
4221
4222
4223
4224
4226
4228
4230
4231
4232
4234
4235
4236
4237
4240
4242
4246
4255
4258
4260
4261
4262
4265
4266
4267
4269
4271
4272
4273
4275
4277
4279
4281
4282
4284
4287
4288
4289
4290
4292
4300
4302
4306
4309
4314
4315
4316
4317
4323
4326
4328
4330
4331
4335
4338
4339
4341
4343
4344
4345
4348
4349
4353
4357
4363
4364
4365
4368
4371
4373
4376
4378
4382
4384
4385
4389
4390
4391
4392
4395
4398
4399
4402
4403
4404
4407
4408
4409
4411
4412
4413
4414
4416
4417
4421
4422
4423
4427
4428
4429
4431
4432
4434
4436
4437
4438
4440
4441
4445
4446
4447
4448
4450
4454
4455
4457
4459
4460
4461
4462
4463
4464
4466
4467
4468
4470
4471
4472
4474
4475
4477
4479
4480
4482
4485
4486
4488
4489
4490
4491
4497
4500
4502
4503
4504
4505
4506
4511
4513
4519
4520
4521
4525
4528
4533
4535
4537
4538
4539
4540
4543
4545
4546
4550
4551
4554
4556
4557
4559
4560
4562
4563
4566
4570
4571
4572
4573
4575
4576
4577
4580
4583
4585
4588
4591
4594
4596
4597
4600
4601
4602
4607
4608
4611
4612
4613
4618
4619
4620
4621
4622
4623
4624
4632
4637
4639
4644
4646
4647
4653
4657
4658
4659
4661
4662
4663
4665
4667
4670
4673
4674
4677
4678
4679
4681
4682
4683
4686
4688
4689
4692
4695
4696
4697
4703
4704
4705
4706
4708
4710
4711
4713
4714
4715
4716
4718
4719
4722
4723
4724
4725
4728
4729
4731
4733
4737
4738
4739
4740
4741
4743
4744
4746
4747
4748
4750
4752
4753
4754
4756
4761
4762
4765
4766
4767
4770
4772
4773
4775
4778
4780
4781
4782
4784
4785
4786
4787
4789
4795
4796
4797
4798
4800
4805
4809
4810
4813
4816
4817
4819
4820
4822
4826
4827
4829
4830
4831
4832
4833
4836
4837
4840
4841
4842
4843
4846
4847
4848
4849
4853
4855
4856
4861
4862
4866
4868
4869
4870
4872
4874
4876
4877
4878
4879
4880
4881
4883
4889
4892
4893
4897
4898
4899
4900
4901
4903
4906
4907
4911
4914
4915
4916
4918
4922
4923
4929
4932
4933
4935
4938
4942
4944
4946
4947
4948
4949
4950
4953
4954
4955
4957
4960
4961
4964
4965
4966
4967
4970
4971
4972
4973
4974
4975
4977
4979
4980
4984
4986
4988
4989
4991
4992
4993
4994
4998
4999
5000
5001
5003
5009
5013
5016
5019
5021
5022
5023
5025
5029
5032
5034
5039
5040
5043
5047
5050
5052
5053
5054
5064
5065
5071
5072
5074
5075
5076
5078
5079
5083
5084
5085
5086
5089
5092
5093
5096
5097
5098
5102
5103
5105
5108
5109
5110
5113
5114
5115
5116
5117
5118
5119
5121
5122
5123
5126
5127
5128
5129
5134
5136
5137
5138
5141
5143
5144
5146
5147
5150
5151
5153
5154
5156
5158
5165
5166
5167
5168
5169
5172
5173
5176
5177
5179
5182
5183
5184
5187
5188
5190
5191
5195
5197
5199
5200
5201
5203
5204
5205
5207
5209
5210
5211
5212
5213
5215
5218
5219
5221
5222
5227
5231
5232
5235
5241
5243
5244
5248
5250
5252
5253
5254
5255
5256
5257
5260
5261
5262
5264
5267
5269
5271
5272
5274
5276
5277
5278
5280
5288
5289
5293
5294
5296
5298
5299
5302
5303
5304
5305
5307
5308
5310
5313
5315
5316
5317
5319
5320
5321
5322
5327
5329
5332
5333
5338
5339
5340
5342
5343
5345
5346
5348
5349
5350
5353
5355
5358
5359
5361
5362
5363
5364
5366
5370
5371
5372
5373
5375
5380
5381
5382
5384
5385
5386
5388
5389
5391
5392
5393
5394
5395
5396
5397
5399
5401
5403
5405
5407
5409
5411
5412
5413
5414
5416
5419
5420
5421
5426
5427
5428
5431
5432
5433
5436
5438
5441
5445
5446
5447
5448
5451
5453
5454
5456
5458
5459
5462
5463
5465
5467
5468
5470
5471
5473
5474
5480
5481
5483
5484
5487
5488
5490
5492
5493
5497
5498
5499
5500
5501
5502
5504
5505
5506
5510
5511
5514
5515
5516
5517
5518
5520
5522
5523
5524
5526
5527
5529
5531
5534
5535
5537
5539
5540
5546
5548
5549
5550
5551
5553
5555
5556
5558
5559
5561
5562
5564
5567
5569
5571
5573
5575
5577
5580
5581
5583
5584
5585
5586
5590
5592
5594
5595
5597
5598
5600
5602
5604
5605
5606
5607
5612
5613
5614
5617
5620
5623
5624
5629
5631
5632
5634
5635
5637
5640
5641
5643
5645
5647
5649
5650
5652
5653
5655
5658
5667
5668
5672
5674
5675
5676
5679
5680
5682
5684
5685
5686
5688
5690
5691
5696
5697
5702
5703
5705
5706
5707
5708
5709
5711
5713
5715
5717
5718
5719
5727
5728
5734
5735
5736
5738
5739
5742
5745
5748
5754
5756
5757
5759
5760
5761
5762
5763
5764
5765
5766
5770
5772
5773
5780
5781
5784
5785
5787
5788
5789
5790
5791
5793
5794
5795
5799
5801
5802
5805
5808
5810
5811
5812
5814
5815
5816
5820
5827
5828
5829
5833
5834
5836
5840
5841
5849
5852
5854
5855
5856
5857
5859
5863
5869
5871
5872
5873
5875
5876
5877
5880
5882
5883
5884
5885
5887
5888
5889
5891
5892
5893
5896
5897
5899
5900
5902
5903
5904
5905
5907
5908
5910
5912
5913
5916
5920
5921
5922
5925
5933
5935
5936
5939
5943
5944
5945
5946
5950
5951
5955
5956
5957
5965
5966
5967
5968
5969
5974
5975
5977
5980
5989
5990
5994
5999
6006
6007
6008
6010
6013
6014
6021
6023
6024
6025
6027
6030
6041
6042
6044
6046
6047
6049
6050
6051
6053
6055
6056
6057
6058
6061
6062
6063
6064
6065
6066
6069
6070
6071
6072
6073
6075
6076
6077
6078
6080
6081
6082
6083
6085
6086
6087
6088
6089
6092
6097
6099
6101
6102
6104
6106
6109
6111
6112
6113
6114
6117
6118
6119
6121
6123
6124
6129
6131
6132
6133
6134
6135
6137
6138
6145
6146
6149
6150
6152
6155
6156
6157
6161
6167
6168
6172
6173
6174
6179
6180
6181
6184
6185
6188
6190
6192
6196
6198
6200
6202
6203
6206
6208
6214
6216
6219
6220
6221
6224
6226
6228
6229
6230
6231
6233
6237
6238
6239
6240
6241
6245
6247
6250
6251
6254
6256
6259
6261
6265
6266
6269
6271
6274
6276
6283
6286
6289
6293
6294
6296
6298
6300
6303
6304
6306
6307
6309
6310
6312
6314
6316
6319
6320
6321
6323
6326
6327
6334
6335
6338
6340
6344
6347
6348
6349
6350
6352
6353
6355
6356
6357
6358
6362
6363
6365
6367
6371
6378
6379
6380
6381
6388
6390
6391
6392
6393
6395
6396
6399
6400
6402
6411
6412
6415
6417
6418
6422
6423
6427
6429
6430
6434
6438
6439
6440
6441
6442
6443
6446
6447
6452
6454
6458
6459
6461
6463
6464
6469
6471
6472
6473
6475
6479
6481
6482
6483
6484
6488
6491
6495
6498
6499
6501
6502
6503
6504
6505
6506
6507
6508
6509
6510
6511
6513
6514
6516
6519
6521
6522
6523
6524
6525
6526
6528
6535
6537
6538
6545
6546
6549
6552
6555
6557
6560
6564
6566
6570
6575
6578
6579
6582
6583
6585
6586
6587
6588
6591
6592
6593
6596
6600
6602
6603
6605
6606
6607
6608
6614
6615
6616
6617
6618
6619
6620
6621
6622
6623
6624
6625
6627
6628
6629
6634
6636
6637
6638
6639
6640
6642
6645
6646
6648
6650
6651
6653
6654
6659
6661
6664
6668
6669
6670
6671
6672
6673
6674
6678
6681
6682
6687
6688
6690
6693
6695
6696
6697
6698
6701
6707
6710
6711
6712
6714
6717
6719
6723
6726
6731
6733
6735
6737
6738
6740
6741
6745
6746
6748
6749
6750
6752
6754
6755
6756
6757
6763
6764
6765
6768
6769
6773
6775
6778
6782
6783
6787
6788
6791
6794
6795
6796
6798
6803
6805
6808
6809
6811
6812
6813
6817
6821
6822
6824
6828
6829
6830
6833
6834
6836
6841
6842
6844
6846
6848
6849
6851
6852
6857
6858
6859
6865
6866
6867
6868
6869
6871
6873
6874
6875
6877
6878
6879
6882
6884
6886
6888
6889
6890
6895
6896
6898
6899
6901
6903
6906
6909
6910
6911
6918
6921
6922
6923
6924
6927
6928
6931
6935
6936
6939
6941
6942
6943
6948
6949
6950
6951
6952
6953
6954
6955
6957
6959
6960
6962
6964
6966
6967
6969
6970
6971
6972
6974
6975
6977
6978
6979
6981
6984
6985
6989
6992
6994
6997
6999
7001
7002
7003
7004
7005
7006
7008
7010
7016
7017
7019
7021
7022
7024
7025
7027
7029
7030
7032
7033
7039
7042
7045
7048
7049
7051
7053
7054
7055
7057
7058
7059
7061
7063
7065
7068
7069
7071
7072
7076
7077
7083
7084
7091
7094
7097
7099
7101
7102
7105
7107
7108
7110
7112
7115
7117
7118
7121
7122
7123
7124
7128
7129
7131
7132
7136
7140
7142
7143
7144
7145
7147
7148
7149
7150
7152
7155
7156
7157
7159
7162
7163
7164
7165
7167
7168
7169
7170
7172
7173
7174
7178
7179
7180
7181
7185
7186
7187
7191
7192
7194
7195
7196
7199
7201
7202
7205
7206
7207
7209
7212
7213
7216
7219
7223
7229
7231
7234
7236
7237
7238
7239
7240
7241
7242
7246
7247
7252
7253
7254
7255
7256
7258
7260
7262
7267
7268
7270
7271
7272
7273
7275
7276
7278
7279
7286
7290
7293
7296
7303
7304
7305
7306
7307
7310
7311
7312
7314
7315
7318
7319
7320
7321
7324
7325
7326
7327
7329
7330
7331
7332
7333
7335
7341
7342
7347
7349
7350
7351
7356
7357
7358
7359
7360
7366
7367
7368
7374
7376
7380
7381
7382
7388
7389
7390
7391
7393
7394
7399
7400
7403
7404
7406
7407
7413
7415
7417
7418
7419
7422
7426
7427
7429
7430
7431
7432
7433
7435
7436
7437
7439
7440
7441
7442
7444
7451
7452
7456
7458
7461
7462
7463
7464
7466
7467
7471
7473
7474
7478
7479
7480
7482
7485
7486
7487
7488
7491
7492
7493
7494
7496
7497
7498
7501
7502
7504
7505
7506
7507
7509
7510
7511
7518
7520
7521
7522
7523
7525
7527
7529
7530
7531
7532
7533
7534
7535
7538
7540
7541
7542
7545
7546
7547
7549
7550
7557
7562
7563
7564
7565
7566
7569
7571
7572
7573
7575
7578
7579
7582
7584
7586
7587
7588
7589
7590
7593
7595
7599
7600
7601
7602
7604
7605
7607
7608
7611
7612
7615
7616
7623
7624
7626
7628
7630
7632
7634
7635
7640
7645
7646
7648
7649
7656
7657
7662
7663
7665
7667
7671
7674
7675
7676
7677
7678
7680
7682
7685
7686
7687
7691
7692
7693
7694
7695
7696
7697
7698
7700
7701
7705
7706
7709
7711
7713
7714
7715
7719
7720
7725
7726
7727
7732
7734
7735
7737
7738
7739
7740
7743
7744
7745
7746
7747
7749
7750
7751
7753
7760
7761
7764
7765
7769
7771
7772
7775
7777
7780
7781
7783
7784
7786
7787
7788
7790
7799
7800
7801
7806
7809
7811
7815
7816
7817
7818
7819
7821
7825
7826
7827
7829
7835
7837
7839
7845
7846
7847
7848
7849
7854
7855
7856
7857
7859
7861
7864
7865
7867
7870
7871
7872
7880
7881
7885
7886
7887
7889
7890
7891
7892
7894
7897
7898
7900
7901
7902
7903
7905
7907
7908
7909
7912
7914
7918
7919
7920
7923
7924
7925
7926
7927
7929
7933
7935
7936
7937
7941
7942
7944
7946
7947
7950
7951
7952
7953
7956
7961
7964
7966
7967
7968
7969
7970
7971
7972
7973
7975
7976
7979
7980
7983
7984
7985
7986
7988
7989
7990
8000
8003
8004
8005
8006
8008
8012
8014
8016
8018
8019
8020
8022
8023
8024
8025
8036
8039
8041
8043
8044
8046
8047
8048
8049
8050
8053
8054
8055
8060
8062
8064
8065
8066
8067
8069
8070
8073
8075
8077
8078
8079
8081
8082
8087
8091
8092
8096
8098
8100
8101
8104
8107
8109
8110
8112
8113
8115
8117
8118
8119
8121
8124
8125
8128
8129
8130
8132
8133
8135
8136
8139
8143
8144
8145
8147
8148
8151
8152
8154
8155
8156
8159
8161
8163
8164
8165
8167
8168
8169
8170
8171
8172
8174
8176
8177
8178
8179
8180
8181
8185
8186
8187
8192
8193
8195
8196
8197
8198
8200
8202
8203
8204
8205
8208
8213
8218
8219
8220
8222
8223
8225
8228
8229
8230
8234
8240
8243
8244
8245
8252
8255
8257
8258
8263
8264
8267
8268
8270
8271
8273
8275
8276
8278
8282
8283
8285
8287
8289
8293
8294
8296
8298
8299
8301
8302
8303
8304
8305
8307
8309
8310
8311
8312
8313
8315
8316
8328
8329
8330
8331
8332
8333
8334
8339
8341
8342
8344
8345
8346
8347
8348
8350
8351
8353
8364
8370
8371
8377
8383
8385
8387
8390
8391
8395
8396
8398
8399
8401
8404
8405
8410
8412
8413
8414
8416
8419
8420
8421
8422
8423
8425
8426
8427
8428
8429
8432
8433
8434
8437
8439
8441
8443
8447
8448
8450
8455
8456
8457
8458
8459
8460
8462
8465
8466
8467
8468
8471
8472
8473
8475
8476
8477
8479
8483
8484
8485
8488
8491
8492
8501
8502
8503
8509
8510
8511
8512
8514
8515
8517
8520
8521
8522
8524
8525
8528
8530
8531
8534
8536
8538
8539
8541
8544
8545
8547
8549
8550
8552
8556
8558
8559
8560
8561
8563
8564
8565
8566
8567
8568
8569
8571
8572
8573
8574
8577
8578
8580
8582
8586
8587
8589
8590
8591
8592
8598
8599
8601
8603
8604
8608
8609
8613
8616
8618
8620
8621
8622
8623
8624
8625
8626
8627
8628
8629
8631
8632
8633
8636
8639
8640
8641
8644
8645
8648
8649
8651
8659
8663
8664
8665
8666
8670
8671
8675
8676
8677
8679
8682
8684
8685
8686
8688
8692
8693
8695
8698
8700
8702
8704
8706
8709
8710
8712
8713
8714
8718
8722
8724
8726
8732
8733
8734
8735
8740
8744
8747
8748
8750
8753
8754
8755
8757
8758
8759
8761
8762
8763
8764
8765
8766
8767
8769
8772
8774
8776
8777
8778
8779
8780
8781
8785
8789
8793
8796
8797
8798
8799
8800
8802
8803
8809
8810
8811
8814
8815
8817
8819
8820
8821
8822
8824
8827
8828
8829
8830
8835
8839
8840
8841
8843
8845
8847
8849
8852
8855
8857
8858
8862
8863
8865
8866
8867
8870
8871
8872
8873
8879
8882
8885
8886
8888
8889
8890
8893
8894
8896
8898
8901
8902
8903
8907
8913
8914
8915
8919
8921
8922
8925
8927
8929
8931
8933
8934
8935
8936
8937
8939
8940
8942
8943
8944
8947
8948
8950
8952
8954
8959
8961
8962
8964
8967
8969
8970
8971
8972
8975
8979
8982
8986
8988
8991
8992
8993
8994
8995
8997
8998
8999
9001
9002
9005
9006
9008
9009
9014
9016
9019
9022
9023
9024
9025
9026
9028
9029
9031
9032
9033
9034
9040
9043
9049
9052
9055
9056
9057
9061
9064
9065
9066
9067
9068
9070
9071
9073
9075
9077
9078
9083
9085
9087
9088
9089
9091
9093
9095
9096
9097
9098
9099
9100
9101
9104
9105
9108
9109
9111
9112
9115
9126
9128
9130
9131
9132
9135
9136
9137
9138
9139
9140
9142
9144
9146
9147
9149
9150
9151
9153
9154
9157
9158
9161
9163
9166
9167
9169
9171
9172
9173
9175
9176
9181
9184
9186
9187
9190
9191
9192
9193
9194
9197
9202
9203
9204
9205
9206
9208
9209
9211
9212
9213
9215
9217
9218
9220
9223
9225
9226
9229
9231
9232
9233
9234
9235
9236
9237
9238
9239
9242
9243
9244
9245
9249
9251
9253
9254
9255
9256
9263
9267
9269
9272
9276
9280
9282
9283
9284
9287
9288
9289
9290
9291
9292
9293
9294
9297
9298
9301
9302
9303
9304
9305
9306
9307
9308
9309
9310
9311
9313
9314
9315
9317
9321
9324
9326
9328
9331
9333
9336
9337
9338
9340
9341
9342
9343
9345
9347
9348
9350
9351
9352
9354
9356
9358
9359
9360
9361
9362
9363
9364
9365
9366
9367
9368
9369
9373
9378
9381
9382
9383
9384
9387
9388
9389
9390
9392
9395
9396
9400
9403
9404
9405
9406
9408
9410
9415
9416
9417
9418
9420
9422
9423
9424
9431
9433
9435
9436
9437
9440
9442
9444
9445
9446
9447
9448
9449
9450
9451
9453
9454
9455
9456
9459
9465
9468
9469
9470
9471
9472
9473
9476
9477
9478
9480
9482
9483
9484
9486
9491
9492
9493
9494
9496
9497
9501
9502
9504
9506
9507
9509
9511
9513
9518
9519
9523
9524
9525
9530
9533
9535
9538
9540
9542
9543
9545
9546
9547
9552
9553
9555
9559
9560
9561
9563
9565
9566
9568
9573
9574
9576
9578
9579
9581
9583
9584
9585
9586
9588
9592
9593
9598
9602
9603
9605
9606
9607
9609
9610
9611
9612
9614
9618
9621
9622
9623
9625
9626
9627
9630
9632
9634
9635
9636
9638
9639
9642
9644
9646
9647
9648
9650
9652
9653
9655
9660
9664
9665
9668
9673
9674
9675
9676
9678
9684
9685
9689
9690
9695
9696
9699
9702
9703
9705
9707
9708
9710
9711
9713
9715
9721
9722
9723
9724
9726
9728
9729
9737
9739
9740
9742
9743
9744
9745
9746
9748
9749
9750
9752
9755
9757
9758
9759
9760
9762
9763
9766
9767
9768
9769
9770
9774
9775
9776
9779
9785
9788
9792
9793
9794
9796
9797
9799
9802
9804
9806
9807
9809
9810
9815
9817
9818
9820
9822
9823
9825
9826
9827
9828
9831
9834
9835
9840
9841
9842
9846
9848
9850
9852
9856
9858
9859
9861
9863
9864
9865
9866
9867
9868
9871
9873
9874
9876
9877
9878
9881
9883
9885
9886
9887
9889
9891
9892
9893
9895
9899
9900
9904
9905
9906
9907
9908
9909
9912
9913
9914
9915
9916
9917
9919
9920
9922
9923
9926
9928
9929
9930
9931
9934
9935
9937
9938
9940
9943
9948
9949
9950
9952
9953
9954
9955
9956
9958
9959
9960
9962
9965
9967
9969
9972
9977
9981
9985
9987
9988
9989
9992
9994
9995
9997
9998
10000
2798
341
4381
5477
9227
4890
8392
1146
5094
5603
2241
3786
1392
2129
8157
6457
1720
6103
1020
5012
6401
1156
9589
7552
6572
4037
3665
2658
6389
7060
5234
927
3008
9240
9394
6397
5797
6369
6263
8032
2063
9481
7135
5782
2475
6036
2012
203
5919
4350
5960
4518
8435
9015
777
4019
7974
8920
5701
1996
6476
5024
7230
4700
4029
9897
6793
8868
4802
3734
6675
1514
8742
5347
2785
3330
4606
6766
499
2365
5895
582
886
8860
2081
7876
422
3726
5552
8355
4824
8453
6913
4517
140
3300
1743
6569
4589
7782
7934
2225
8280
4075
2884
2692
1428
3167
1443
5616
9125
7883
2654
5170
7089
2067
134
8657
2332
1843
9527
2310
2917
1177
5171
8137
8738
5890
2174
7921
8248
1561
9911
7896
8945
5282
1757
4123
6689
6136
6052
7759
1670
4777
8002
2359
969
7514
2370
6559
8123
2231
2402
198
7779
8900
8451
3819
8162
150
9551
3104
3542
3165
4140
7038
187
6164
5670
4854
7834
4629
4687
2002
8374
7622
5536
2183
4318
6142
8978
1379
1433
5712
3907
2003
4458
4902
1941
8430
4198
1266
955
3254
362
1190
9738
3947
9666
2643
2088
169
1231
4107
259
5918
7862
7453
9686
1990
9081
4839
6515
8323
7568
2410
9791
9221
1519
9974
2281
9051
4694
6807
8007
5466
2916
6802
6466
3612
8436
6313
6098
5367
8932
1429
1594
1360
4509
5979
8683
3857
806
857
7248
1627
9278
9262
3115
3823
3234
3584
2831
9753
5825
1410
6900
3660
9659
6120
28
8389
5437
8474
8126
800
9134
951
7851
1955
5720
6916
6850
399
2653
2589
9000
9947
5862
4920
4206
9162
6079
2100
4270
8833
2036
2344
2641
4401
7251
706
1374
8554
1001
2666
5758
7617
20
3174
8059
207
4305
984
6162
2616
9090
8292
4567
1120
4783
5369
4286
6926
5949
4845
854
5088
4794
1085
6455
6211
8861
3790
3633
2168
2964
6968
6820
4340
7647
6322
7465
4202
525
7416
1010
7269
6084
3060
556
1713
6919
9816
4951
7652
3591
3694
9210
9837
4586
446
7454
4325
3307
1885
1082
6409
9116
4931
1239
7139
5087
2698
779
6331
2287
1866
8727
2799
1836
6656
5249
8314
1394
5806
847
5044
5408
2634
5928
7544
8672
7658
2835
8637
1468
3
5228
967
1474
3639
9667
1000
3997
6610
177
4183
2079
3051
8653
3418
6246
5417
153
8149
5157
6784
8874
560
9037
6060
9044
2938
4568
6595
8338
9412
1578
729
2235
5930
7328
5588
3163
2111
3970
2714
9427
3663
9880
647
3973
2054
7363
9692
8635
3511
9353
6801
5843
7483
983
3834
4493
9961
6728
4531
5081
130
7354
6478
5301
8237
3807
3929
7832
2164
394
4925
5625
8386
5512
3268
8089
7962
2238
1865
7606
3477
5164
3007
8300
3620
6189
6880
2955
9944
3374
5732
6253
686
1860
2382
7878
688
1818
5005
5027
4526
6328
9330
5636
8719
9980
2427
9727
5337
8210
6095
3858
2470
8211
115
3651
3002
945
3952
9608
1549
5948
2303
2013
7317
2342
359
7537
148
1217
2933
6683
9248
923
8360
7012
3039
580
7082
2457
9268
7853
1747
2905
6891
3033
8486
2447
820
8102
4214
4963
619
5163
1402
3025
7443
7627
6384
966
3400
4352
8317
6496
3793
1956
7995
5354
416
6448
545
4041
5898
2221
5572
4934
4415
2562
660
3709
6854
265
65
738
168
7930
9903
9838
8424
7684
4860
4097
8916
4791
8581
2084
673
2031
7791
7074
2288
1197
4968
5547
405
4379
900
1354
8487
3827
4215
8596
1798
2049
8619
6777
1960
2937
4590
1859
8540
8030
8376
6530
1879
7340
2335
2367
2431
1159
5786
8327
7561
4835
1704
4630
8321
7668
56
5180
7690
6343
2330
4717
2050
9312
7302
5286
2307
4225
6856
1930
6887
3699
3450
1709
8440
7281
9813
1285
9601
4259
4280
8897
4057
3055
6273
80
7991
6128
8729
4076
6609
7731
2352
4913
5915
6676
7409
9170
208
7098
8232
4896
7041
7402
5404
9143
830
2243
1185
9654
709
5704
2742
106
6301
1681
3489
4138
1631
6772
221
6431
4926
3521
4200
8746
6284
6790
8812
8206
7955
467
4083
6213
654
3275
5731
3683
3240
1318
1763
3718
896
6500
1603
7182
638
3755
6329
9118
5906
8770
7629
4616
3543
7226
6562
554
8736
178
9261
6127
5953
1467
3889
6175
5521
7716
2299
5018
6527
7581
9798
5194
2355
4941
4099
1123
9460
7073
6148
292
4643
307
1108
5031
9092
9849
1801
2233
5839
6998
6855
6839
4542
650
3906
7020
1296
1042
5818
4051
1002
1897
1564
2586
5185
4910
7282
7517
4442
124
7133
9528
835
5972
7638
6563
7336
1471
4751
2676
7370
5048
2371
6386
5099
9214
7954
3106
6332
1051
6315
5010
5798
4808
3954
238
4887
1524
7460
8438
2542
1771
9870
4645
1338
5331
5568
9990
5978
9270
2584
515
9777
2090
615
3987
5245
7850
1076
843
6372
1604
2073
9048
2459
8094
8131
6709
6016
1741
5611
9844
4825
5982
2828
4229
6068
2849
3407
9027
5677
6204
1791
7949
3966
930
4112
3679
1964
9155
6568
4685
3934
2558
2420
454
2944
8349
3017
6420
8791
5579
2503
4155
5842
1952
4070
5225
6279
9498
2019
8557
8883
8813
512
119
2474
6904
3964
3183
1539
6958
8214
7560
7316
9730
3170
9499
2930
8834
1740
3632
5750
9458
4071
8661
3463
367
3469
7585
3854
6944
7232
1426
3891
5101
2871
2861
1425
8027
6015
3960
5457
6630
8808
1508
5030
390
3205
5482
5867
8262
233
6938
6853
41
4536
5198
5485
4329
8166
1507
8026
8891
8976
3759
8056
6093
9687
1872
9069
4587
3927
5809
4912
1946
4757
5063
333
5615
9672
330
8493
6
4937
114
3832
2517
2576
1154
505
2413
3830
2914
8090
7621
2406
6258
4578
8368
2292
6325
1291
3044
6043
4304
8526
6163
2433
5826
4701
5832
5911
1766
9264
479
3066
6680
3650
4598
463
8380
370
861
6151
2997
1140
2454
5100
9670
1204
1445
5639
8105
3809
9966
2135
7116
2847
4891
8594
2026
239
8246
8996
3887
3460
8408
1271
859
2520
3121
8084
2308
4366
4204
8844
2472
868
6567
9258
8570
7723
5051
7981
3355
3714
5771
2591
9432
4940
8655
7869
7960
742
1779
7011
1814
7710
6810
5942
3816
1060
7852
4388
4400
3824
9925
4135
5565
5035
6996
7899
7046
2657
5648
4487
8731
7177
2943
4310
6018
6435
3666
6980
591
3128
6883
6197
9832
3491
2699
1047
5295
6011
8918
6532
696
6641
5659
1461
8575
5817
7189
1929
6561
6558
8445
1997
8818
6232
4187
7420
3246
8461
1262
8662
90
4056
8749
555
4928
3386
3041
8508
68
4307
4058
5962
4185
1606
3242
661
793
4823
6704
5464
2109
5423
5425
2597
3534
1216
6937
2544
1181
6721
3908
3346
319
2321
1341
5014
1813
895
7283
6169
4018
1727
2571
257
301
5220
6861
8099
5751
7503
9467
5258
2695
7261
9355
1067
3225
9829
6734
162
3206
9119
5238
6091
4347
309
3142
8610
5627
2216
5970
7669
6444
2240
4238
4615
8669
5330
5077
7843
6268
42
1548
7609
6122
2071
6744
9575
9616
9279
8052
1863
6299
1959
7138
9376
430
3843
3292
97
3091
9942
4065
7299
943
9063
6574
6580
4322
3364
3695
6806
7603
9377
7659
5992
1173
4410
6652
1655
6789
9391
3245
1458
2155
4909
9596
6885
6468
3778
1370
2910
186
1436
7372
3717
4945
7334
7844
2660
5681
5145
1530
116
2280
2729
4419
5508
1719
7035
4337
882
7576
1776
9094
9910
5300
2935
7244
7655
755
1546
4243
871
4734
7000
3649
6876
693
8464
1049
9657
7398
7683
2304
3201
2881
2502
7298
4132
6281
155
774
8274
5755
2434
2638
5923
5469
3652
768
196
2588
1115
8378
5007
3075
8017
3445
3837
5642
1417
8836
9429
9222
1339
2096
9107
7284
1281
284
5335
1157
9978
3410
5125
9716
5700
4801
6176
4758
4031
7863
5901
1735
1927
1007
5292
1963
9277
8909
4483
2615
1093
9833
4312
2412
3052
6009
6262
6377
8588
4145
5015
6816
4469
7567
5011
9894
4093
6598
7126
1408
3779
4049
2810
9927
6819
8725
5619
2603
4005
6201
1668
8359
7824
7075
6183
3059
2072
4604
549
470
3938
5879
6864
8238
4383
7043
5130
1684
2398
9508
1555
6767
6272
7794
8418
1948
1129
4387
4990
1008
3644
1389
2369
5037
2547
3382
4082
7724
8097
8034
4418
2432
8717
4102
683
5952
8272
5379
5430
6781
6074
8941
7978
1797
323
2481
3554
9419
7679
4712
6153
773
7515
1637
5858
2271
2227
2549
5698
8720
2070
7470
8259
3451
4649
5554
8638
3990
3549
8093
7748
2107
3646
9567
262
8642
4530
2843
9152
3485
6779
4732
5378
4793
872
2440
7475
3563
4291
1011
8253
7666
6257
1295
5621
1969
8751
734
3538
9781
746
448
1579
8946
2516
86
3821
5664
641
7377
3467
46
537
5240
9505
9984
1330
6160
2264
1079
6792
160
9787
98
2263
9631
7830
5513
9010
9320
7031
6012
4254
5848
5767
3036
2818
3619
5070
2435
3360
7362
8217
7198
3476
2328
4001
9531
5998
5774
9946
662
8040
8832
635
8409
1220
4294
1005
6827
9970
3757
3766
1228
1506
523
5740
339
4684
8595
576
4061
924
669
4193
645
5489
3168
3472
2508
8235
3341
7396
8546
1759
7651
6003
10
1742
9371
4023
4162
933
3011
8611
509
2899
2748
1563
5934
6860
3384
2094
8771
7773
2954
9325
7250
8337
3949
2430
579
3863
1795
4834
3637
6917
1126
5206
6342
916
2921
4118
2564
9719
8279
3016
6565
7052
6912
4079
3879
6242
6771
2496
5073
3618
478
7040
4582
427
5927
6383
3414
2656
9597
368
2788
1593
8038
587
3791
6590
3233
2242
7085
6385
1031
6632
1607
8906
6832
4534
5525
484
6364
6105
1640
663
4239
9462
1095
2707
8011
7204
8286
1412
6000
7895
3849
6465
4439
7092
8739
4451
1027
7910
1362
4652
2922
6520
9932
4631
4244
5237
8085
2593
4131
3349
5737
9259
7958
6154
1084
8518
7802
9843
3607
8138
3253
1187
2663
9941
2539
8446
1029
1907
7633
9082
7822
4036
2925
4672
4821
4227
1238
6017
8881
542
4614
1130
9658
8469
3162
8869
4359
5723
7160
5236
8194
7994
8242
4633
6761
4726
6346
1562
8551
3042
2208
5618
5532
5741
7287
2919
7580
5265
1538
9346
1751
5845
8463
5541
7184
4776
5987
7762
3915
9072
7768
3136
4014
713
7386
9803
5058
9882
1245
7134
8375
894
7904
2988
7548
7911
4962
3802
6141
7699
1424
7197
1457
5837
5687
4532
7928
2602
1298
7539
7448
133
197
7495
1391
5112
3972
5494
6432
8529
6428
9428
6908
5291
702
5323
2473
2854
970
9812
6059
2618
2882
1858
1343
7597
2633
7959
1588
269
2161
946
2808
5800
4301
7793
6512
7264
7412
8215
2895
987
5406
1248
3347
8585
4433
6666
9257
3114
1903
9121
3800
8358
5894
9875
1117
6818
1142
1375
2959
3688
1716
2850
3432
1976
2
7228
9694
5233
7446
4205
3623
4025
2386
585
3583
4361
1383
5352
2820
4274
6037
547
2368
3406
1096
2077
2745
2091
745
5028
8015
6547
315
8831
7490
7457
1838
9160
3398
6976
913
5175
8912
9510
4555
1638
3343
9103
1968
4927
7130
9564
8216
2765
4356
4380
9599
6453
9322
8533
8326
2138
159
575
1192
9020
6193
4516
66
2178
8737
1111
4008
6571
8261
5926
9386
776
3288
1705
1533
9393
9285
592
9784
2631
1403
4120
1592
8647
4085
8120
8482
2697
3431
1590
2236
6195
8086
3762
8782
5578
5059
1498
6376
9772
9902
6893
1211
6125
2058
4552
5596
6897
833
8825
1971
1273
8837
218
1648
9474
1633
9375
6419
8694
2511
6022
1346
8775
7798
329
9901
5004
1517
2187
3204
4514
3375
7754
5721
8340
6577
9195
2800
8730
2678
174
8956
4127
9986
5055
7364
2394
7385
9515
1505
3345
5563
9884
2276
9414
7346
9517
6838
7339
9058
1994
3124
6581
4982
2363
6753
642
8680
8251
2005
2688
4812
7625
659
7776
1951
2546
3842
3768
7007
9999
844
4690
7395
6108
171
9741
6005
84
8190
6406
1083
396
902
1831
7455
5796
5654
6199
921
826
991
2628
5045
8723
2507
2651
6601
7221
8721
8826
4742
9643
9047
8175
1717
302
2681
6295
8406
3133
9397
4165
5062
4603
9011
9697
6743
9811
6410
1755
7183
6374
8527
6751
1682
4605
4656
297
2023
2061
1596
9520
5587
7797
1482
5186
4250
9681
270
865
4894
5360
9862
821
9413
4654
8658
3750
3593
6405
4642
1195
1711
8681
1290
9045
7660
739
2383
6604
5846
4627
2004
3480
9084
8061
1992
3982
6144
1669
7999
2154
5868
5576
3392
4905
9983
1432
2887
445
4745
3255
4730
50
5694
8728
4569
4541
5124
3777
2217
7642
1615
7614
3769
4768
2713
8489
7090
1523
919
7583
7875
6186
5281
9764
411
5729
6048
1920
5644
4547
7369
6840
2746
7868
6543
3265
974
2815
2738
5932
9046
428
8807
5239
5068
6542
8239
3792
8452
7371
6045
4807
939
9441
6529
8875
2512
4904
7365
791
6387
9771
672
9554
1255
6467
4298
4871
283
7289
4465
7703
7469
1398
9266
6366
9114
3266
5266
3278
8703
229
2770
4553
6800
3373
1820
5061
1021
6518
1149
5230
2245
4397
8411
4650
7650
6551
4208
6770
7570
5823
5263
3880
6863
6892
8911
9013
248
6354
6837
8071
9434
8794
867
9385
5931
7291
7119
8878
7882
1608
6002
2446
4358
7274
5783
4735
5866
5983
57
2560
8231
6004
2265
7125
5251
3510
3808
7957
1348
7712
4675
6115
5570
7619
30
3446
7993
8394
4283
7137
1038
9485
6686
8363
7345
912
5985
5452
607
5341
4333
1664
9570
6408
365
9012
1687
7087
4508
3073
8495
1465
2725
3071
5377
9323
5673
9734
4749
4858
6351
3046
5666
8444
9556
6373
7512
3812
4172
3385
2550
789
2354
1995
3548
7987
9918
7208
6243
1568
1066
4481
3048
364
6026
5208
1434
204
9587
6436
5656
8792
5400
754
6416
6324
6029
8904
2407
4311
1493
2162
5229
7805
4452
6182
2439
2455
1441
8306
5041
9693
7285
2649
7401
1487
8555
7313
3911
5821
2870
6961
3611
4609
6035
9398
2538
8088
2045
8542
9380
9857
2918
7752
3980
2219
7963
5657
7294
4936
2792
6318
5104
4355
577
3220
3034
6191
1048
5626
9035
1415
3069
8029
1626
9316
4351
8848
5874
6991
2568
489
3942
5981
8983
7997
4651
2856
7280
3829
6947
2763
1170
7620
4565
3748
7222
2621
4456
4066
7820
9489
3123
8191
353
9466
8028
4764
6902
4386
8277
2565
3838
4251
5491
3351
3848
8499
9691
3417
7343
3747
2253
6742
6255
5864
8080
8127
4844
2983
9845
4122
1459
7742
6635
4811
7893
664
4175
9399
644
3635
8497
3146
172
1674
5831
1466
996
6797
7519
1416
1303
7352
4081
7948
6165
6556
9129
2889
1439
5747
5779
2635
665
9457
410
31
5850
3993
6456
12
2425
8490
7141
6988
6691
4035
634
2152
9401
1977
935
380
2112
3723
1902
8854
2274
6613
3897
6317
4919
1196
272
6870
6845
2687
9558
4109
9133
3468
104
2999
3985
1544
6703
6541
2133
986
7218
2488
3634
905
3100
4367
4494
5160
1186
9189
7037
9709
9411
5695
583
2548
5442
7940
8379
651
1363
6291
6038
206
8760
3439
1384
7915
3277
8051
1013
2465
2399
2885
8122
5460
2904
1854
8801
6716
7730
7158
4354
6706
1236
1891
6699
9921
5224
286
4886
8634
5752
5268
9286
6799
2014
2291
5066
5591
33
6573
2074
4024
9224
6986
7500
1676
1437
632
6660
7673
1347
1313
2062
1911
3570
2010
8184
7026
5633
2106
9679
4332
4276
8905
3771
7707
211
5326
539
2573
13
8646
4420
100
322
1910
8297
9300
223
6489
727
3713
4295
3496
5297
7210
2823
439
701
2220
7113
89
5792
7879
7736
5336
890
8579
5162
8266
6217
5242
6337
1793
7423
3325
1777
6171
2338
4648
9514
741
1534
6302
9872
4178
1749
9720
6720
2529
4492
121
6725
4030
8877
95
7943
6732
4046
1784
2992
1722
7171
2318
625
2838
7996
2753
8673
4884
438
9619
2393
6033
5610
6248
3523
363
1075
7998
2260
724
3586
3991
7916
9164
1127
5630
845
9851
183
5726
3257
4548
3359
440
5181
5314
8519
2525
5507
1764
3706
1312
3327
9488
1473
4321
2294
7938
6589
511
4453
4985
7741
1712
9273
7438
4691
3509
2686
7728
3053
6090
963
8403
5026
3940
691
6280
3500
6933
5042
4921
7013
3569
760
3014
6531
1056
2833
4924
5749
1898
1931
290
6031
1326
589
3097
2466
8953
4297
3443
3367
7193
9335
627
9372
9402
1665
7151
8630
4285
1736
7472
601
4219
9438
9786
6094
7078
3057
9795
1853
840
2901
8454
4201
8057
6930
6394
9698
9127
5246
6584
3894
2229
4034
14
1251
9500
6990
3513
873
1678
8973
214
4498
5777
7245
5661
3390
3105
4444
4628
7536
7702
4015
9896
8281
7378
2957
3395
4334
6905
9145
8103
7235
2444
640
7789
7526
3861
4676
6407
6260
7718
837
1481
9577
6278
5312
4303
2978
7939
2958
7807
4885
929
9651
1773
9183
7127
3074
1781
8790
3024
717
3598
7516
7034
9633
4806
1991
3825
9778
2650
8372
9604
5057
7387
5824
2528
7301
9425
9339
5434
7770
4838
6194
5678
6534
278
7373
4478
9615
3305
2190
2912
3487
5710
6147
3200
4026
9165
9640
3876
7337
2199
6658
3581
5993
8111
6956
1787
9327
7425
5216
77
7361
3900
8715
2065
8361
6611
1521
8928
2987
6067
9430
1484
3712
9228
532
3197
8352
6843
1584
7064
1829
4930
8325
6881
8615
5142
5275
6462
7114
7931
4617
3867
1321
8265
8707
462
7860
7774
3684
2200
472
6544
6492
2448
9199
677
6553
4873
2929
4077
147
1448
7070
3217
7917
9036
6665
1460
4168
3588
3479
6649
1657
5665
6140
2793
9924
8449
2772
3408
1924
1052
7528
1169
2357
6361
8602
7375
8654
9945
4522
4636
5608
2097
1017
3475
1368
5769
7109
636
6370
9855
5995
266
9973
83
5424
7111
7838
3223
9281
4709
7421
2659
6449
9329
4473
7778
5318
9537
4640
8496
2173
6597
8908
2822
6920
6655
9979
17
8095
7524
7618
5954
8783
2619
1331
2924
1393
6718
1268
5046
3835
2981
228
3447
5415
5132
412
5768
4788
8787
7379
7792
6054
113
3092
4857
2175
8838
314
4818
1381
3941
8823
5971
8045
2361
5402
9971
6166
310
2008
6277
3919
5418
7397
720
8505
254
6914
6662
9951
6451
7767
3720
4641
8507
5530
7036
3422
2419
5991
2128
8752
8369
6178
4759
2581
5189
6533
4062
4574
1152
4253
6297
8381
4510
7755
5574
4850
8189
5461
1496
7833
1182
226
3306
674
5247
6647
459
3749
157
1729
7410
9079
9344
3676
6804
5545
2908
7499
7836
2414
1396
8247
3452
4484
53
3892
7088
9180
3056
8308
6540
5106
6677
2672
7233
1289
2756
9982
423
5284
6480
9349
9557
1553
9230
1469
656
6414
2824
2222
3571
6426
8042
976
3126
3965
4763
1144
9637
3241
6815
3767
4668
7708
7214
4593
117
2037
9054
9761
8960
4114
4564
8705
9591
3670
9993
9216
1435
988
3514
9174
360
6413
7348
4499
9580
5803
5986
4721
4106
4199
3068
3545
304
6643
533
7176
2920
436
401
9017
6722
2339
6497
8532
6945
5455
2775
5878
918
6339
437
8324
590
5601
8160
6382
2685
3515
7220
962
378
5135
1025
5976
9756
1634
316
311
8295
3116
5973
8319
4956
9196
5699
9541
8856
4803
8480
735
4094
4105
6158
6001
2731
88
6708
9688
858
7763
2485
5056
7384
9582
1658
4544
8063
5387
7408
1598
8859
5270
4495
8674
1150
3727
9624
6485
1373
7424
6215
4863
468
7257
3560
15
4245
8699
1427
2580
5090
2948
5334
8142
4501
8010
9318
8535
3043
9053
1016
9246
4216
2693
1601
1040
151
7804
2519
7120
4976
613
526
7190
914
5988
2846
2486
4163
3893
9736
7161
2202
6612
4171
7476
8924
3826
3512
3760
3103
7733
450
7757
8842
273
744
7015
5865
8068
7553
2360
8382
7445
6470
5311
7211
2790
1081
8284
2786
1842
4599
1019
4996
7873
3235
2737
5273
4098
3674
9102
4166
617
5111
9185
7756
9452
9572
8562
8494
3169
6398
5356
7428
6212
8600
2778
5638
1365
8887
4959
6421
1826
2827
3061
9503
8583
6210
8987
6517
3932
9853
952
1206
3393
8478
6554
397
2894
2290
6249
8388
7434
5223
3532
7681
5835
9521
2945
1679
6359
6736
5140
1367
458
4769
3744
8917
2453
72
1706
4561
7721
184
1800
2449
7292
8805
1114
2056
690
5368
8701
4054
4124
3752
2286
4342
7086
6946
8365
8035
2754
4170
2907
2169
6894
9712
4247
4130
9526
6826
7215
3986
959
5924
5519
3799
7866
9443
9409
8773
3758
3797
681
892
3680
1661
7945
3263
6934
1987
7353
118
7874
2814
4638
3916
8984
1390
4159
7717
9188
4425
7858
6252
7188
7405
9219
395
851
4558
8241
8553
5283
6187
2805
9271
1839
3335
4698
4720
1277
3269
3728
7050
7093
4143
2468
8397
8691
2123
6576
5937
3517
5947
8966
8584
1260
230
8656
2311
264
3616
1191
4736
480
6341
9682
4249
5683
4074
3125
3898
8158
9536
2842
8741
1734
4126
3462
668
2391
6925
9159
8481
1041
3309
3421
8951
4117
3525
2684
8756
3710
8221
8182
2789
1261
3358
2068
1545
5038
9018
8150
7481
5496
3689
2131
9295
3737
5429
5435
2773
9773
6227
8895
7224
2456
8108
9490
796
7067
879
8415
9319
9512
5444
1302
4865
8689
1947
54
7840
4405
7227
5693
3380
558
5080
9374
2719
351
6932
376
2376
6929
9620
2211
2320
3137
2623
1087
5853
1479
4507
7913
5560
2706
7992
7982
4139
4908
7056
3448
6729
9207
3811
318
4362
1202
199
2351
1167
3730
2677
3389
7096
9933
6825
1044
5662
2337
5582
598
8876
4396
4527
6940
73
9669
4660
5870
3211
7636
2035
3721
4779
1760
9836
1659
2143
1868
814
2312
5478
8233
7729
9549
6450
818
2461
1045
9042
622
5410
6460
8892
9641
7555
850
7795
3685
8963
9594
6963
4064
9717
2733
9421
5599
6644
8605
2931
4375
6490
1618
6713
9936
8938
9113
8106
9178
8
7468
3873
2781
8607
7355
7243
2179
3239
9539
1453
3801
9847
4144
692
7080
9780
9461
7009
2041
8373
7610
6170
8537
8343
4995
6425
3244
192
3931
5067
5663
7803
7814
1532
1009
5440
1413
4707
6223
125
7594
7554
2417
4727
285
4092
8134
2961
7613
5357
9030
828
694
2724
8708
849
4430
4006
9198
5959
8021
4655
6205
8366
1915
1148
1728
9805
9898
2372
2845
8402
3559
9677
7217
1110
2826
1609
506
2892
6759
4771
2272
3006
7104
4693
2042
4635
552
6333
5285
7831
85
3090
4000
4969
9571
3412
9060
4063
7014
2102
7906
7965
1356
11
8037
2642
1721
5287
695
2680
5290
45
722
3372
5804
7841
1400
4020
75
1174
6594
9252
8393
7598
4799
8498
5743
2939
9735
7592
8290
8650
9379
2897
9007
5193
8254
7508
8269
37
8926
9544
6780
8116
2796
9801
4774
4393
1252
2341
2331
350
1210
260
5929
8400
7103
602
9076
6599
9334
8516
770
604
3664
6107
7459
5449
8614
9751
4147
6244
67
8288
8209
757
6308
1472
7259
9661
4212
5259
9479
9680
8923
6758
3604
4760
6474
6993
4917
9869
466
4370
4068
3630
1816
5309
6028
6715
1305
1778
419
597
9463
2205
2762
7722
9819
1153
1851
538
8678
486
1230
426
4524
4895
2606
9148
1332
9548
76
3753
418
7670
5775
1440
9939
1355
5475
7812
1163
4336
5997
3705
1536
3864
3272
7028
4374
1701
4443
5020
5544
8968
4308
6692
3673
5881
4671
3700
9062
5996
8256
9732
4278
5963
7095
7877
9790
7551
3047
2180
5813
4377
7796
5822
7277
3772
3175
3903
3853
4087
4828
7810
6679
1822
5622
7922
6684
4595
1718
5533
6032
2268
9247
2142
8249
4192
5398
4790
981
6667
8687
5847
9783
3890
6862
6774
8224
678
4134
9177
9671
500
3185
6100
1543
8072
1035
4296
7309
9532
2900
1026
5422
2482
2523
5148
36
3775
6730
8504
8183
9704
1675
3886
3383
571
3101
8880
6493
2490
4625
2479
1241
4360
320
3094
9991
7081
9701
6126
9600
4426
9274
4634
3207
5961
568
8965
4218
9839
3711
1726
6995
4851
9617
8957
7689
2705
7591
8786
7062
2535
8788
2514
9495
8745
3238
8784
7596
1089
5036
5472
4476
2048
9645
6685
4852
2515
5376
2909
6705
9522
1812
6907
7808
1342
1106
5002
8981
5161
2679
3444
5669
5914
8806
3218
6982
9821
6785
8199
860
1018
7828
6831
4372
1556
4804
1168
4191
1444
3226
2811
3409
1595
6290
5033
8173
2319
1449
6209
975
3096
5279
5133
3862
1837
456
9782
8949
6631
9550
9487
3845
2366
9562
1938
1630
3602
2971
4581
9613
9789
1086
1642
4529
6139
244
404
5006
4981
3180
6762
1336
4424
7641
6983
6116
6177
3672
8593
7383
8548
652
5159
2201
9765
5486
9086
7106
2450
9168
5383
3508
752
7414
2780
7813
8500
6285
9649
8899
6973
7044
3455
471
9080
6776
2537
1537
8955
1913
786
9714
5443
1034
8212
8690
6404
7344
5082
4867
9700
5365
6305
4952
8617
7447
4888
4268
8864
7489
3190
6360
2306
7249
8930
8743
8597
1535
2305
4523
5503
9050
7066
1867
5374
3678
5830
4241
9357
780
2946
6487
6096
3946
5543
6110
7977
863
4319
135
3841
9120
5861
5714
3376
9265
3944
9038
3693
5091
3323
4293
856
4002
5139
2728
8076
2673
7477
4299
9059
3850
8431
6267
8001
3357
4151
3304
87
2851
8974
4233
3798
9299
2807
3148
5509
1753
8058
4584
2471
96
2911
3592
4369
9800
1783
3577
3208
9516
5671
9860
5744
6486
5958
7308
9629
7295
8013
1172
64
1961
832
606
944
4220
393
1531
1698
9964
1297
4814
2750
5120
5390
296
9718
5984
1139
8643
7200
2740
3250
4939
7079
3095
5008
1237
5328
8140
703
6445
5226
1623
4324
7543
7047
4320
2438
7153
3977
9733
8033
9683
769
5131
9106
4496
2802
7513
1136
210
1491
491
3371
4755
6700
455
4664
2730
9039
2853
4153
5917
6548
5964
3216
8513
1662
1411
8985
232
7672
888
9879
9200
7758
4997
3992
8318
3365
2844
1030
1279
2134
5646
8576
2258
8153
1856
2064
1542
7574
6633
5202
5689
4666
3209
792
8884
5692
9534
2710
4515
3083
1896
5844
8853
6270
2046
7338
8697
1980
7577
6292
7263
5628
8612
8606
3172
5476
9250
6823
2863
968
5778
6288
443
562
917
3822
6536
4958
6433
8354
6663
220
6550
1267
1308
8236
7146
9122
2209
8141
9407
518
7559
5807
7823
7637
4512
9731
9004
7639
4702
1953
8367
2976
5716
1975
9706
3901
3340
973
4195
3609
1301
6039
7664
8417
8851
6739
1371
648
4449
1137
6235
7653
3541
4313
1418
1
7297
7100
9890
52
9996
4256
4394
9021
5152
6143
1918
8335
8716
8356
8207
5566
9888
185
2522
6915
6814
4406
9296
7411
751
884
1926
7203
1329
6872
1014
8074
8201
9124
9656
1621
8226
8804
7766
8362
6234
7661
3765
6835
960
9201
9569
209
5495
2130
7265
2993
358
103
1269
5155
675
6330
8980
1973
3856
2078
288
8470
5940
1748
8442
2986
6218
4073
1399
4136
1419
9074
708
9141
6264
6040
5838
614
3844
7449
4792
8260
9976
6020
1500
5542
2477
819
9975
633
5860
3303
8846
7631
6236
8660
3021
4252
8910
8227
2422
3505
2104
180
7704
5325
5196
7300
2966
8357
5324
685
4213
1344
934
971
6403
8850
1730
2323
5557
2389
205
3274
44
5730
3310
881
4626
4257
3875
1515
2124
142
1501
1053
1786
9808
1317
1738
4610
3118
9814
1272
6287
9754
34
1380
631
530
9332
1155
7688
9179
1599
3370
9663
5724
9529
4549
6477
1438
488
5351
3969
4815
5095
2087
502
6626
1986
8795
2776
4882
2028
8768
3419
108
3019
8506
331
7484
8990
1774
1746
2356
8711
9275
2552
3322
5306
9117
7175
5528
1893
4327
8146
2212
937
2421
6987
7842
2764
7644
3457
8407
4680
9426
7888
9628
1328
6311
8543
8652
4699
167
7392
3143
1873
1043
5593
9464
5722
9957
164
1430
4859
561
1849
5753
6657
5192
4346
4435
7654
740
7023
7785
1452
1287
7018
9963
16
8250
1796
8336
5660
9041
3222
4248
5651
4978
2668
1825
605
3704
566
8816
9439
2116
5851
3108
9830
7643
2975
7266
7450
5060
2487
4875
4103
2424
9595
9156
2794
6336
5178
8668
8523
1036
4983
3614
381
7323
6424
349
5217
139
9824
1208
2118
7288
5609
3522
5174
4592
2250
6222
2125
5107
6747
4179
1756
721
3396
5069
3896
5776
9370
165
6130
5819
2226
6702
6034
6494
8291
6437
2101
256
9123
4264
2556
8320
697
6207
9854
1775
5149
7154
680
5439
3416
9590
3084
1023
7932
4579
8667
8696
7166
2505
6694
2953
9003
9110
6965
573
3959
5941
6345
1078
2766
8958
6724
7322
1998
8989
6159
5589
2664
2804
1223
7556
6847
5746
787
3155
6368
4987
9241
954
1935
6539
5938
6375
4067
3171
1656
3138
1790
3661
8977
2700
9968
3415
5886
5479
1431
4167
9747
243
8009
8031
1227
9260
3912
4943
8083
5725
6727
2126
3299
4263
9475
6225
5733
1497
3004
3782
8322
280
6786
2495
5538
1972
8114
4669
5017
6275
4864
8188
557
6760
8384
5214
7225
3076
5049
5450
7884
3780
6282
1949
5344
9662
2387
5909
1407
3141
9725
1189
9182
6019
3531
2683
7558
1188
